time	8kHz80dB	8kHz70dB	8kHz60dB	8kHz55dB	8kHz50dB	8kHz50dB	8kHz45dB	8kHz45dB	8kHz40dB	8kHz40dB	8kHz35dB	8kHz35dB	8kHz30dB	8kHz30dB
0	0.0562827	-0.0742787	-0.396389	0.0878514	-0.186963	-0.0484683	0.0883645	-0.228507	-0.0511238	-0.145334	-0.188353	-0.230761	0.257353	0.0675377
4.09601e-05	0.076873	-0.0747935	-0.403086	0.094471	-0.196789	-0.0177183	0.0570416	-0.249575	-0.0224399	-0.144044	-0.163217	-0.225629	0.277475	0.0664777
8.19202e-05	0.0954889	-0.07785	-0.400302	0.102844	-0.20598	0.0287209	0.0197516	-0.25963	-0.00330857	-0.143887	-0.130709	-0.22923	0.292434	0.0713839
0.00012288	0.0999018	-0.0785355	-0.392796	0.107954	-0.20603	0.0869928	-0.00953758	-0.251858	0.00725032	-0.146355	-0.103183	-0.230684	0.293173	0.0742707
0.00016384	0.086569	-0.0689381	-0.390093	0.107804	-0.187078	0.14945	-0.0184677	-0.22789	0.0123119	-0.153664	-0.0919691	-0.218849	0.279621	0.0707625
0.000204801	0.060853	-0.0530045	-0.400752	0.101439	-0.145707	0.207824	-0.0044955	-0.195483	0.0157259	-0.166289	-0.100134	-0.190161	0.256757	0.0643052
0.000245761	0.0325436	-0.0444066	-0.425741	0.089338	-0.0907879	0.25774	0.0219718	-0.164151	0.0176541	-0.183394	-0.122696	-0.149933	0.232829	0.0625505
0.000286721	0.00967157	-0.0522581	-0.455402	0.0751178	-0.0377569	0.296203	0.0438996	-0.142969	0.0140208	-0.199914	-0.148235	-0.109772	0.217892	0.0704117
0.000327681	-0.00904986	-0.0738191	-0.475857	0.0645791	-0.00127708	0.321362	0.0467418	-0.135667	0.00647384	-0.204989	-0.165162	-0.0806546	0.221023	0.0882482
0.000368641	-0.0322313	-0.0983558	-0.48444	0.0654192	0.0148795	0.335185	0.0253194	-0.136944	0.0050426	-0.191862	-0.168465	-0.0668774	0.24372	0.112584
0.000409601	-0.0641898	-0.115392	-0.489335	0.0812912	0.0171794	0.341314	-0.01655	-0.136227	0.0185011	-0.162833	-0.163968	-0.0651797	0.277345	0.136593
0.000450561	-0.0969015	-0.119392	-0.495782	0.106978	0.0110855	0.343825	-0.0685391	-0.124176	0.0447509	-0.12828	-0.161725	-0.0691463	0.308552	0.151438
0.000491521	-0.118	-0.111677	-0.50144	0.132076	-0.000627777	0.346087	-0.117671	-0.0969653	0.0746471	-0.103009	-0.164612	-0.0721195	0.326764	0.149499
0.000532481	-0.124223	-0.10028	-0.501845	0.146663	-0.0126847	0.350901	-0.154801	-0.0590991	0.0984272	-0.096646	-0.168401	-0.0680876	0.329038	0.128695
0.000573441	-0.122832	-0.0954572	-0.494856	0.145761	-0.0171028	0.362803	-0.178838	-0.0200988	0.108598	-0.109359	-0.167014	-0.0566477	0.318741	0.0981143
0.000614402	-0.118754	-0.101872	-0.483266	0.130008	-0.0098893	0.38349	-0.191437	0.0167412	0.102237	-0.133292	-0.155756	-0.0445824	0.303078	0.0718854
0.000655362	-0.116271	-0.118039	-0.472093	0.103053	0.0037033	0.407983	-0.192409	0.0550226	0.085299	-0.157366	-0.131988	-0.0390016	0.292653	0.0570235
0.000696322	-0.126543	-0.138187	-0.466493	0.0697156	0.0149645	0.429001	-0.181788	0.0966967	0.0707356	-0.174821	-0.100551	-0.0417717	0.297715	0.0514441
0.000737282	-0.159863	-0.15691	-0.469322	0.0374009	0.0181174	0.440638	-0.163039	0.139869	0.0697213	-0.18258	-0.0730881	-0.0501821	0.319149	0.0519158
0.000778242	-0.212365	-0.17477	-0.47877	0.0177063	0.0124632	0.439059	-0.14217	0.180742	0.0794344	-0.179328	-0.0583769	-0.0602139	0.346055	0.057291
0.000819202	-0.267242	-0.195703	-0.488734	0.0165951	-0.00166941	0.424212	-0.125452	0.217162	0.0885467	-0.167707	-0.0554084	-0.0681311	0.362986	0.0648691
0.000860162	-0.304594	-0.222155	-0.488071	0.0254497	-0.0253294	0.403721	-0.118636	0.248712	0.0896896	-0.149587	-0.059474	-0.0698751	0.358127	0.0713083
0.000901122	-0.313145	-0.252761	-0.466024	0.0287357	-0.0583348	0.388418	-0.126017	0.274541	0.0830323	-0.126349	-0.0674514	-0.063994	0.330336	0.073528
0.000942082	-0.29522	-0.279872	-0.418666	0.0170857	-0.096044	0.382523	-0.146351	0.295508	0.074756	-0.104215	-0.0748125	-0.0526256	0.289534	0.0699213
0.000983043	-0.2639	-0.2917	-0.353525	-0.00508023	-0.128643	0.382645	-0.172307	0.314849	0.0712266	-0.0923036	-0.0760353	-0.0380675	0.250332	0.0614337
0.001024	-0.237052	-0.283003	-0.288048	-0.0239529	-0.146479	0.380507	-0.193646	0.334407	0.0733241	-0.0961704	-0.0672243	-0.0200756	0.225126	0.0484119
0.00106496	-0.227201	-0.260238	-0.243243	-0.0298859	-0.143352	0.368617	-0.201613	0.351211	0.0765087	-0.111701	-0.0489462	0.0023121	0.219063	0.0304468
0.00110592	-0.232529	-0.234621	-0.231711	-0.0249487	-0.121013	0.345963	-0.193866	0.356831	0.0746553	-0.130638	-0.0309872	0.0269652	0.22689	0.0105598
0.00114688	-0.243154	-0.214146	-0.2497	-0.0154615	-0.0901357	0.316395	-0.175697	0.342789	0.0641103	-0.148791	-0.026077	0.0524202	0.236007	-0.00779461
0.00118784	-0.250276	-0.199702	-0.276579	-0.00569483	-0.0641462	0.283052	-0.156371	0.3104	0.0444988	-0.164625	-0.0373792	0.0769184	0.23364	-0.0236372
0.0012288	-0.251739	-0.187918	-0.289474	0.00321282	-0.0501754	0.249724	-0.141635	0.274402	0.0191779	-0.174026	-0.0559774	0.0962857	0.213391	-0.0373122
0.00126976	-0.252519	-0.174264	-0.278296	0.0120366	-0.0505189	0.220627	-0.131123	0.25412	-0.00585905	-0.171414	-0.0671108	0.10675	0.176391	-0.0478677
0.00131072	-0.261469	-0.157687	-0.248247	0.0204581	-0.0622217	0.200509	-0.122318	0.259415	-0.0212382	-0.153502	-0.0606801	0.108563	0.128722	-0.0533907
0.00135168	-0.281645	-0.141667	-0.2088	0.0269254	-0.0775706	0.192391	-0.115491	0.28339	-0.0163849	-0.124847	-0.0364316	0.10556	0.0803358	-0.052857
0.00139264	-0.303795	-0.129323	-0.167269	0.0280582	-0.0867815	0.192755	-0.111197	0.307311	0.0103254	-0.0989984	-0.000834734	0.103426	0.0423017	-0.0485459
0.0014336	-0.316772	-0.122633	-0.129241	0.0226784	-0.082693	0.19392	-0.107035	0.311404	0.0433361	-0.0875649	0.0380981	0.104418	0.0221449	-0.0470441
0.00147456	-0.319719	-0.124054	-0.0973328	0.0140229	-0.0661369	0.193526	-0.102451	0.286439	0.0621435	-0.0908145	0.0728245	0.104474	0.01815	-0.0527026
0.00151552	-0.319052	-0.132742	-0.0707033	0.0049447	-0.0434302	0.193429	-0.0999467	0.238234	0.0565251	-0.100249	0.0968206	0.0994034	0.019926	-0.0634584
0.00155648	-0.318443	-0.142461	-0.0477164	-0.00410154	-0.0182888	0.19223	-0.102284	0.182225	0.0287525	-0.108402	0.108925	0.0907617	0.0165563	-0.0737931
0.00159744	-0.3187	-0.144863	-0.0269316	-0.0125152	0.0105201	0.187567	-0.108853	0.132791	-0.00975306	-0.116083	0.11206	0.0839735	0.000437058	-0.0797552
0.0016384	-0.31813	-0.137448	-0.00442815	-0.0189564	0.0431985	0.179742	-0.116969	0.0983996	-0.0439554	-0.128089	0.107128	0.0832679	-0.0308667	-0.0807639
0.00167936	-0.313523	-0.12357	0.0233477	-0.0220645	0.07617	0.168031	-0.122874	0.0806674	-0.0627761	-0.144879	0.0931766	0.0900967	-0.0733613	-0.0782168
0.00172032	-0.304529	-0.10489	0.0537963	-0.0238683	0.104096	0.152297	-0.122014	0.0737964	-0.0696122	-0.162812	0.0716364	0.103052	-0.118648	-0.0752578
0.00176128	-0.293208	-0.0777342	0.0814622	-0.027907	0.121377	0.136882	-0.113154	0.0664753	-0.0781215	-0.179062	0.0519666	0.119636	-0.157463	-0.0745014
0.00180224	-0.279112	-0.0376823	0.0983668	-0.03505	0.125238	0.129219	-0.0980947	0.0499444	-0.0944809	-0.191156	0.0492239	0.138906	-0.184361	-0.0760604
0.0018432	-0.261729	0.0122681	0.0973598	-0.0444543	0.117116	0.134874	-0.0804899	0.0255041	-0.111713	-0.199156	0.0701769	0.160659	-0.1995	-0.0779235
0.00188416	-0.245407	0.0604963	0.0811032	-0.0518274	0.105831	0.155547	-0.0656001	0.00109077	-0.118397	-0.208693	0.106755	0.184186	-0.209146	-0.076736
0.00192512	-0.236566	0.0941626	0.0649757	-0.0499679	0.104046	0.186385	-0.0554957	-0.016995	-0.108662	-0.224951	0.143003	0.209332	-0.220928	-0.0734403
0.00196609	-0.234079	0.111923	0.0644206	-0.0358072	0.119822	0.214411	-0.0467617	-0.0250206	-0.0838561	-0.246777	0.165601	0.234908	-0.236702	-0.0761079
0.00200705	-0.23024	0.122337	0.0833156	-0.0138936	0.150504	0.225824	-0.0332695	-0.0223122	-0.0493179	-0.268303	0.168652	0.25644	-0.250831	-0.0909363
0.00204801	-0.219053	0.133811	0.112241	0.00587142	0.186521	0.21579	-0.0130568	-0.0141331	-0.0123464	-0.282187	0.153439	0.266475	-0.257531	-0.114838
0.00208897	-0.20133	0.147548	0.1401	0.0110246	0.218329	0.190745	0.00908498	-0.0105476	0.0205852	-0.282434	0.126296	0.26206	-0.255196	-0.138389
0.00212993	-0.18035	0.159628	0.16463	-0.00313403	0.237726	0.159918	0.025169	-0.0191035	0.0447656	-0.265795	0.0951239	0.250691	-0.249242	-0.15251
0.00217089	-0.158927	0.166065	0.193171	-0.0287784	0.241102	0.130671	0.0282219	-0.040239	0.0552453	-0.234114	0.0676358	0.245237	-0.248479	-0.154324
0.00221185	-0.13926	0.164054	0.232291	-0.0528722	0.232461	0.108495	0.0193216	-0.0672162	0.0498881	-0.196954	0.0500969	0.253394	-0.258652	-0.146944
0.00225281	-0.123552	0.149954	0.277847	-0.0662045	0.222036	0.0926499	0.00753702	-0.0913291	0.0322021	-0.165288	0.0462241	0.271985	-0.282553	-0.13574
0.00229377	-0.111002	0.125138	0.320508	-0.0664802	0.220317	0.0757468	0.00184176	-0.108732	0.010686	-0.142792	0.055166	0.292926	-0.317061	-0.126456
0.00233473	-0.0960351	0.100433	0.356977	-0.057249	0.230286	0.0524205	0.00745074	-0.121747	-0.00600786	-0.126208	0.0727953	0.312465	-0.353396	-0.123279
0.00237569	-0.0770073	0.085652	0.393791	-0.0446457	0.24768	0.0239398	0.0271187	-0.1335	-0.0136584	-0.111027	0.0946588	0.328567	-0.382093	-0.128757
0.00241665	-0.0577118	0.0818381	0.435073	-0.029363	0.267788	-0.00562273	0.060296	-0.146161	-0.0154008	-0.0951653	0.11463	0.335036	-0.396429	-0.142998
0.00245761	-0.0404774	0.0837067	0.471617	-0.00797072	0.288074	-0.03201	0.0992565	-0.163953	-0.0181889	-0.0818186	0.124671	0.326093	-0.394997	-0.163854
0.00249857	-0.0265042	0.0848667	0.488489	0.0187279	0.308448	-0.0490855	0.127959	-0.188977	-0.0265766	-0.0774068	0.118589	0.301088	-0.377895	-0.187754
0.00253953	-0.01889	0.0820592	0.481388	0.0478913	0.328384	-0.0538334	0.133013	-0.216857	-0.0378346	-0.0834364	0.0954533	0.265685	-0.347051	-0.210033
0.00258049	-0.0176505	0.0744477	0.462329	0.0779207	0.34357	-0.0496185	0.118054	-0.240177	-0.047853	-0.0916171	0.0620516	0.231095	-0.310864	-0.224348
0.00262145	-0.0162149	0.0606856	0.449194	0.104603	0.349274	-0.0450485	0.100408	-0.251088	-0.0548456	-0.0911445	0.0318364	0.20717	-0.284514	-0.225665
0.00266241	-0.00886292	0.0401929	0.453435	0.120644	0.34172	-0.048373	0.0945447	-0.244734	-0.0549823	-0.0791256	0.0194476	0.197167	-0.279896	-0.218375
0.00270337	0.00513407	0.0167822	0.475988	0.120273	0.320862	-0.061277	0.105545	-0.224343	-0.0432318	-0.0591265	0.0306083	0.198201	-0.299644	-0.212888
0.00274433	0.0219166	-0.0041379	0.507343	0.104386	0.291686	-0.0778669	0.129658	-0.200033	-0.0191854	-0.0342867	0.0589304	0.205125	-0.339095	-0.216347
0.00278529	0.0356134	-0.0202193	0.535028	0.0806765	0.262843	-0.0932328	0.15739	-0.182965	0.0112786	-0.00289651	0.09237	0.214345	-0.38546	-0.226795
0.00282625	0.042736	-0.0306275	0.551942	0.0582574	0.242245	-0.108114	0.177998	-0.180003	0.0420338	0.0374114	0.118967	0.225623	-0.423018	-0.235701
0.00286721	0.0428077	-0.0363267	0.553428	0.0472467	0.230819	-0.125402	0.186008	-0.189593	0.0717449	0.0796757	0.133016	0.239427	-0.44541	-0.234368
0.00290817	0.0386942	-0.0401917	0.53655	0.05486	0.225049	-0.143981	0.183321	-0.205381	0.100033	0.110467	0.133563	0.255794	-0.453642	-0.218885
0.00294913	0.0397257	-0.0474812	0.506839	0.0786549	0.222222	-0.161077	0.175516	-0.221033	0.125907	0.12273	0.121581	0.272008	-0.451724	-0.191779
0.00299009	0.0544403	-0.0627265	0.478044	0.107997	0.218578	-0.177946	0.165948	-0.231566	0.14761	0.121695	0.0998401	0.281541	-0.445925	-0.159667
0.00303105	0.0823042	-0.0853504	0.464522	0.132265	0.209399	-0.197118	0.155488	-0.232018	0.163594	0.1186	0.0732914	0.279714	-0.440692	-0.127773
0.00307201	0.116081	-0.110302	0.475606	0.144464	0.19337	-0.219047	0.145244	-0.218986	0.173491	0.120783	0.0464044	0.267985	-0.438198	-0.0988847
0.00311297	0.1466	-0.130199	0.511507	0.145315	0.176293	-0.242278	0.139443	-0.19468	0.173918	0.126561	0.0236682	0.253702	-0.440395	-0.0738376
0.00315393	0.165639	-0.139105	0.561693	0.142156	0.164325	-0.262877	0.146038	-0.166976	0.159674	0.129156	0.010442	0.246046	-0.447855	-0.0527785
0.00319489	0.173139	-0.135781	0.608706	0.143187	0.156656	-0.276583	0.168462	-0.147166	0.131354	0.125244	0.0103095	0.248774	-0.458529	-0.0369085
0.00323585	0.17691	-0.125335	0.638057	0.151567	0.146307	-0.282727	0.200414	-0.142326	0.0979342	0.11779	0.0214715	0.257035	-0.46927	-0.0274994
0.00327681	0.186779	-0.114697	0.646698	0.165217	0.127634	-0.280938	0.228299	-0.1504	0.0726354	0.111932	0.0396199	0.261175	-0.477231	-0.0277195
0.00331777	0.207908	-0.106231	0.642126	0.179146	0.100827	-0.268302	0.239961	-0.165829	0.0640831	0.111945	0.059069	0.255785	-0.478695	-0.043986
0.00335873	0.235951	-0.0992166	0.633333	0.18836	0.0736756	-0.244435	0.230331	-0.186475	0.0681726	0.120729	0.072907	0.240115	-0.47408	-0.0797854
0.00339969	0.259738	-0.0950269	0.625778	0.190979	0.0578233	-0.213904	0.206388	-0.211161	0.0736454	0.138602	0.0756976	0.212986	-0.469666	-0.131342
0.00344065	0.270195	-0.0958227	0.619635	0.189624	0.0621637	-0.180927	0.182232	-0.236977	0.0736254	0.161212	0.0666907	0.174094	-0.471365	-0.186332
0.00348161	0.264021	-0.101822	0.609474	0.190607	0.0903107	-0.147345	0.168146	-0.263076	0.0687049	0.180653	0.0505634	0.125277	-0.481388	-0.227051
0.00352257	0.245993	-0.110007	0.588999	0.197771	0.125824	-0.113346	0.164682	-0.291238	0.063069	0.191789	0.035406	0.0736431	-0.494159	-0.24265
0.00356353	0.228723	-0.113095	0.560205	0.207732	0.146815	-0.0787224	0.167962	-0.322039	0.0588983	0.195827	0.0285446	0.0286245	-0.498806	-0.234807
0.00360449	0.225043	-0.104162	0.53436	0.212681	0.137709	-0.0461783	0.17616	-0.349239	0.0531396	0.196085	0.0350685	-0.00185077	-0.492053	-0.212436
0.00364545	0.240944	-0.0856342	0.522971	0.205785	0.100288	-0.0214976	0.190433	-0.362945	0.0380273	0.194216	0.0509505	-0.012397	-0.478471	-0.186037
0.00368641	0.274379	-0.0670129	0.52726	0.185753	0.0546424	-0.00600703	0.208279	-0.357832	0.00955548	0.193072	0.0627744	-0.00288395	-0.464411	-0.163029
0.00372737	0.316817	-0.0572185	0.540328	0.158639	0.0258467	0.00263232	0.221466	-0.33508	-0.0269592	0.196053	0.0607554	0.0221588	-0.452811	-0.14657
0.00376833	0.354155	-0.0601806	0.550585	0.1342	0.0253761	0.00764733	0.221701	-0.301698	-0.0626714	0.204067	0.0475299	0.0564092	-0.442064	-0.139066
0.00380929	0.374211	-0.0727498	0.549843	0.116361	0.0431043	0.015536	0.206057	-0.268396	-0.0908039	0.216675	0.0309336	0.0914239	-0.427414	-0.141264
0.00385025	0.378269	-0.086947	0.53826	0.103296	0.059686	0.0330455	0.177379	-0.244651	-0.105703	0.230027	0.0168372	0.116945	-0.405415	-0.150947
0.00389121	0.376486	-0.0955671	0.525217	0.0943994	0.0614361	0.0569568	0.143373	-0.234075	-0.102972	0.236257	0.0093344	0.127489	-0.377671	-0.164686
0.00393217	0.375385	-0.0946195	0.520793	0.0896166	0.0451766	0.0755363	0.114893	-0.231233	-0.0812198	0.228911	0.00701536	0.125737	-0.348708	-0.177293
0.00397313	0.373158	-0.0865638	0.524191	0.087537	0.0186498	0.0778418	0.100562	-0.227131	-0.0461415	0.207771	0.0032601	0.11967	-0.320518	-0.183113
0.00401409	0.364648	-0.0777401	0.527423	0.0846597	-0.00705058	0.0629158	0.100241	-0.216319	-0.0112822	0.176854	-0.0072507	0.118787	-0.29475	-0.179525
0.00405505	0.344827	-0.0706369	0.521635	0.0761281	-0.0261929	0.0414509	0.105435	-0.195625	0.0115962	0.142509	-0.025873	0.129049	-0.274297	-0.169818
0.00409601	0.315183	-0.0625853	0.500885	0.0558348	-0.0397278	0.0264235	0.107565	-0.162882	0.0194267	0.114715	-0.0486915	0.147349	-0.261268	-0.158222
0.00413697	0.283644	-0.0528594	0.467359	0.0210197	-0.0514841	0.0226267	0.103719	-0.120115	0.0172549	0.101864	-0.0677894	0.159055	-0.255881	-0.14331
0.00417793	0.2626	-0.0473536	0.42947	-0.02588	-0.0657188	0.0249805	0.0962343	-0.0749386	0.014353	0.103893	-0.0768796	0.150333	-0.253656	-0.119086
0.00421889	0.264095	-0.0530143	0.393968	-0.0755354	-0.0858959	0.0244069	0.0895626	-0.0375603	0.0189294	0.115478	-0.0720062	0.12132	-0.247571	-0.0835757
0.00425985	0.287989	-0.0697386	0.36487	-0.114725	-0.108161	0.016422	0.0868058	-0.015602	0.0342536	0.131003	-0.0512047	0.0836171	-0.232861	-0.0435515
0.00430081	0.319263	-0.0879054	0.344134	-0.133333	-0.121499	0.00486344	0.0853361	-0.0075356	0.0576168	0.144822	-0.0159195	0.0464636	-0.207092	-0.00897155
0.00434177	0.339712	-0.0979696	0.325745	-0.130751	-0.118665	-0.00586144	0.0791713	-0.00164778	0.0829256	0.152633	0.0260755	0.0116208	-0.171283	0.0140611
0.00438273	0.343775	-0.098089	0.30025	-0.117237	-0.101631	-0.0159667	0.0643111	0.0141494	0.102877	0.152978	0.0662542	-0.0229409	-0.128096	0.0247905
0.00442369	0.342484	-0.0926768	0.26817	-0.104386	-0.0803327	-0.0294493	0.0405769	0.0431367	0.110339	0.150447	0.100496	-0.0582784	-0.0801801	0.0229474
0.00446465	0.350961	-0.0862581	0.240219	-0.0965103	-0.0675713	-0.047323	0.0128305	0.0791657	0.100042	0.150515	0.128836	-0.0907026	-0.0325023	0.00675969
0.00450561	0.372	-0.0814919	0.222286	-0.0930075	-0.069475	-0.0655244	-0.00969778	0.109461	0.0722087	0.15388	0.150617	-0.11578	0.00361194	-0.0229156
0.00454657	0.392439	-0.077067	0.208527	-0.092339	-0.0817057	-0.0788097	-0.0195683	0.120362	0.0370358	0.157709	0.161433	-0.132013	0.0159528	-0.0587315
0.00458753	0.395357	-0.0680913	0.191266	-0.0907462	-0.0964396	-0.0838184	-0.0167914	0.108373	0.0122488	0.157978	0.155803	-0.138658	0.00423092	-0.090562
0.00462849	0.374218	-0.050032	0.171571	-0.083643	-0.108235	-0.0771978	-0.003773	0.0854831	0.0096974	0.152611	0.132447	-0.136325	-0.0162495	-0.112317
0.00466945	0.338176	-0.0221465	0.154434	-0.0725062	-0.114946	-0.0591476	0.0171569	0.0706028	0.0268749	0.142324	0.100031	-0.129484	-0.0259545	-0.12242
0.00471041	0.305282	0.0121347	0.143984	-0.0664236	-0.116713	-0.0343017	0.04041	0.0747657	0.0489353	0.130769	0.0739251	-0.127062	-0.0153947	-0.119147
0.00475137	0.290279	0.0451101	0.14313	-0.0720106	-0.11265	-0.00928499	0.0600801	0.0974771	0.0597086	0.121273	0.0638912	-0.138418	0.00965193	-0.101303
0.00479233	0.295911	0.0673247	0.149098	-0.0885644	-0.101508	0.0120801	0.0734467	0.13197	0.0542091	0.115658	0.0670856	-0.168525	0.034391	-0.0688396
0.00483329	0.312051	0.0735177	0.151474	-0.112376	-0.087902	0.0254974	0.0811862	0.166421	0.0399984	0.11531	0.0738112	-0.214077	0.042899	-0.0242533
0.00487425	0.322059	0.0635959	0.138228	-0.140702	-0.0832485	0.0236222	0.0870872	0.187625	0.0282028	0.119251	0.0776285	-0.266231	0.0278582	0.023585
0.00491521	0.310691	0.0425693	0.103626	-0.171136	-0.0971918	0.00448261	0.0933838	0.189671	0.025334	0.123113	0.0825662	-0.316272	-0.00475748	0.0627008
0.00495617	0.269823	0.0211573	0.0510051	-0.201226	-0.129307	-0.0261293	0.0971236	0.176001	0.029325	0.12525	0.0979615	-0.35641	-0.0393805	0.08318
0.00499713	0.20524	0.0142573	-0.00973624	-0.228614	-0.169434	-0.0626718	0.0937041	0.154636	0.0324401	0.129948	0.124239	-0.3827	-0.0611078	0.0846377
0.00503809	0.134986	0.0292085	-0.066121	-0.251975	-0.202322	-0.10195	0.0812118	0.134439	0.0285096	0.141725	0.149814	-0.394754	-0.0671455	0.0769286
0.00507905	0.0775934	0.0588829	-0.109285	-0.273694	-0.217001	-0.141195	0.0618556	0.122066	0.0177497	0.159589	0.160721	-0.393725	-0.0660881	0.075169
0.00512001	0.0468016	0.0885204	-0.133616	-0.299308	-0.213387	-0.176833	0.0412791	0.120998	0.00498519	0.176099	0.151399	-0.381749	-0.0637569	0.0922343
0.00516097	0.0464348	0.104944	-0.137878	-0.330804	-0.19925	-0.205077	0.0285464	0.130278	-0.00559813	0.182457	0.127215	-0.361481	-0.0555296	0.130947
0.00520193	0.0644629	0.104387	-0.130322	-0.361722	-0.182416	-0.221903	0.0288482	0.145198	-0.0137798	0.175833	0.101683	-0.336426	-0.0340963	0.181857
0.00524289	0.0798608	0.0921569	-0.121688	-0.38404	-0.168403	-0.222644	0.0364199	0.155961	-0.0181444	0.161172	0.0888729	-0.311786	-0.000499719	0.229996
0.00528385	0.0767806	0.0760482	-0.114409	-0.392857	-0.161339	-0.205935	0.0374015	0.150277	-0.014509	0.147258	0.0935334	-0.292925	0.0370827	0.263597
0.00532481	0.0560563	0.0614089	-0.102535	-0.387729	-0.165536	-0.180227	0.022867	0.123775	-0.00283927	0.139563	0.111816	-0.280191	0.0670901	0.279141
0.00536577	0.0279326	0.0505078	-0.0815697	-0.374793	-0.185661	-0.158296	-0.00445925	0.0841683	0.0123842	0.135956	0.138428	-0.267916	0.0804769	0.279836
0.00540673	-0.000353178	0.0420502	-0.0539346	-0.364134	-0.220421	-0.146877	-0.0367603	0.0445849	0.0281072	0.128592	0.166678	-0.24959	0.0787138	0.271353
0.00544769	-0.0237773	0.0327661	-0.0241188	-0.363896	-0.258272	-0.141866	-0.0661588	0.0145624	0.0435636	0.110736	0.190018	-0.222799	0.0708776	0.260691
0.00548865	-0.0367736	0.0211415	0.00520683	-0.373443	-0.283875	-0.134287	-0.087323	-0.00585847	0.0559746	0.0842197	0.203893	-0.190699	0.0677275	0.254927
0.00552961	-0.0343036	0.00647881	0.0327533	-0.384784	-0.292878	-0.11879	-0.101325	-0.0235584	0.0593305	0.058198	0.207964	-0.157302	0.074414	0.259568
0.00557057	-0.0188451	-0.0109261	0.0539624	-0.388654	-0.293555	-0.0981886	-0.112671	-0.0444958	0.0510808	0.044567	0.205308	-0.126036	0.0875011	0.276054
0.00561153	-0.00156197	-0.0292589	0.0605132	-0.381689	-0.294314	-0.078949	-0.125335	-0.0686271	0.036119	0.0503468	0.201262	-0.10631	0.0994513	0.301502
0.00565249	0.00524445	-0.0430727	0.0448964	-0.368854	-0.296592	-0.0629375	-0.144074	-0.0930019	0.0235028	0.0693523	0.202233	-0.109418	0.103196	0.330191
0.00569345	-0.00335078	-0.0465777	0.003071	-0.35857	-0.298867	-0.0485193	-0.173329	-0.113358	0.0209968	0.0851454	0.213133	-0.134807	0.0959164	0.355211
0.00573441	-0.0246792	-0.0400604	-0.0627614	-0.357386	-0.301045	-0.0368508	-0.212293	-0.124235	0.0306242	0.0845575	0.235025	-0.167834	0.0832507	0.369275
0.00577537	-0.0528765	-0.028581	-0.14079	-0.366208	-0.30353	-0.0297419	-0.253058	-0.123441	0.0465335	0.0658638	0.264272	-0.190143	0.0755699	0.367609
0.00581633	-0.0836069	-0.0155414	-0.21265	-0.376227	-0.304544	-0.0254841	-0.286206	-0.114131	0.0578761	0.0363857	0.293899	-0.194051	0.0804162	0.350902
0.00585729	-0.112784	-0.00173969	-0.263636	-0.37503	-0.301399	-0.0211278	-0.307361	-0.101122	0.0545288	0.00625348	0.317516	-0.185833	0.0977424	0.327468
0.00589826	-0.138131	0.0103077	-0.286655	-0.355748	-0.292259	-0.0155481	-0.316844	-0.086265	0.0370309	-0.0208568	0.331277	-0.177965	0.120813	0.310107
0.00593922	-0.160148	0.0169794	-0.284627	-0.321675	-0.274335	-0.0080215	-0.317965	-0.0688143	0.0159825	-0.0465477	0.335186	-0.178203	0.14228	0.309271
0.00598018	-0.180734	0.019255	-0.271052	-0.2833	-0.247193	0.00514576	-0.314897	-0.0465179	0.000386082	-0.0688104	0.331027	-0.186166	0.158211	0.326664
0.00602114	-0.202311	0.0214148	-0.265255	-0.249103	-0.21732	0.02697	-0.312545	-0.0216759	-0.00825782	-0.078274	0.320159	-0.197785	0.167246	0.356476
0.0060621	-0.223475	0.0264002	-0.278115	-0.221496	-0.19467	0.0563714	-0.313981	-0.00215488	-0.0135529	-0.0715115	0.304783	-0.211067	0.171628	0.389913
0.00610306	-0.240836	0.0329021	-0.306161	-0.197808	-0.186205	0.0858283	-0.315776	0.00502371	-0.0206983	-0.0573595	0.287987	-0.223938	0.177077	0.418335
0.00614402	-0.252048	0.0337447	-0.342823	-0.173008	-0.194649	0.102242	-0.309158	-0.00184902	-0.0334315	-0.0473566	0.275425	-0.231295	0.186019	0.43566
0.00618498	-0.257638	0.0239051	-0.384432	-0.140332	-0.21616	0.0922627	-0.287899	-0.0204476	-0.0517117	-0.0475115	0.275082	-0.229849	0.195163	0.438945
0.00622594	-0.261047	0.00895879	-0.4264	-0.0989995	-0.241668	0.0535931	-0.254578	-0.0443295	-0.0737845	-0.058151	0.287475	-0.221392	0.202807	0.427038
0.0062669	-0.270158	-0.00353863	-0.462549	-0.0605971	-0.264136	0.00199586	-0.219792	-0.0634259	-0.0962845	-0.0757619	0.301317	-0.210078	0.215432	0.404675
0.00630786	-0.295722	-0.0134669	-0.488573	-0.0399052	-0.279127	-0.0408724	-0.195696	-0.0712928	-0.110016	-0.0926075	0.301847	-0.200909	0.240572	0.382006
0.00634882	-0.341928	-0.0223601	-0.50178	-0.0425908	-0.284675	-0.0636957	-0.187773	-0.0709723	-0.10535	-0.099813	0.280997	-0.200888	0.280182	0.369317
0.00638978	-0.404698	-0.0297075	-0.501496	-0.0603044	-0.281086	-0.0681575	-0.194257	-0.0699331	-0.0830072	-0.0945349	0.241142	-0.214477	0.329049	0.370689
0.00643074	-0.470482	-0.0329508	-0.485526	-0.0788031	-0.270471	-0.0638114	-0.210094	-0.0720415	-0.0545043	-0.0801197	0.19166	-0.239679	0.37413	0.378791
0.0064717	-0.517693	-0.030738	-0.458789	-0.0860335	-0.256494	-0.0605849	-0.230945	-0.076671	-0.0332332	-0.061456	0.143349	-0.267577	0.399937	0.380632
0.00651266	-0.529016	-0.0299767	-0.437148	-0.0754978	-0.242518	-0.0656159	-0.252482	-0.0798956	-0.0278032	-0.0435419	0.104476	-0.287544	0.400761	0.36677
0.00655362	-0.502243	-0.0420134	-0.438331	-0.0482329	-0.230612	-0.0812776	-0.266711	-0.0790408	-0.0390328	-0.0308865	0.0787592	-0.296193	0.385869	0.335993
0.00659458	-0.447331	-0.0718322	-0.468937	-0.0115134	-0.224467	-0.101585	-0.263993	-0.0740386	-0.0589003	-0.0249142	0.0635464	-0.295143	0.372069	0.296311
0.00663554	-0.38269	-0.109481	-0.525726	0.0212223	-0.228222	-0.114576	-0.241002	-0.0657097	-0.0764752	-0.0234161	0.0512891	-0.285654	0.370768	0.258121
0.0066765	-0.327322	-0.133575	-0.599486	0.0368838	-0.240724	-0.11216	-0.203782	-0.0544008	-0.0844803	-0.0268272	0.0336795	-0.267656	0.38355	0.231076
0.00671746	-0.291364	-0.129448	-0.676481	0.0335957	-0.251812	-0.0946431	-0.167087	-0.0401555	-0.0798074	-0.0374103	0.00624113	-0.241044	0.404067	0.220861
0.00675842	-0.271244	-0.0992141	-0.739962	0.0196407	-0.249477	-0.0682678	-0.145067	-0.0253498	-0.0625452	-0.0543538	-0.0297595	-0.210592	0.422723	0.227467
0.00679938	-0.260325	-0.0586781	-0.778282	0.00533261	-0.230263	-0.0397993	-0.141461	-0.0116114	-0.0349271	-0.0693523	-0.0691707	-0.185956	0.430907	0.246636
0.00684034	-0.255381	-0.027629	-0.794658	-0.0046957	-0.203672	-0.0164192	-0.148301	0.000456237	-0.00216066	-0.0709554	-0.106001	-0.173989	0.425558	0.271567
0.0068813	-0.2505	-0.0184368	-0.80219	-0.0117447	-0.184374	-0.00284103	-0.153287	0.0134727	0.0312654	-0.0560061	-0.136959	-0.17445	0.409014	0.296832
0.00692226	-0.23897	-0.03372	-0.80914	-0.0172887	-0.18024	0.00294617	-0.148572	0.03134	0.0620598	-0.0335221	-0.162725	-0.18086	0.38388	0.319584
0.00696322	-0.217518	-0.0644097	-0.814618	-0.0194465	-0.188278	0.00519787	-0.135072	0.0558962	0.0895738	-0.0148161	-0.183603	-0.1836	0.352587	0.338106
0.00700418	-0.185179	-0.0931616	-0.814706	-0.0167455	-0.199232	0.00771254	-0.119632	0.0864009	0.113499	-0.00195414	-0.20022	-0.175392	0.320107	0.350056
0.00704514	-0.146996	-0.103461	-0.808524	-0.0103656	-0.205652	0.0134673	-0.107978	0.120859	0.126975	0.00928823	-0.213453	-0.1537	0.292294	0.352505
0.0070861	-0.115611	-0.0874402	-0.798409	-0.00311867	-0.204722	0.0237482	-0.0999677	0.156073	0.120305	0.0214524	-0.22417	-0.119162	0.271701	0.343745
0.00712706	-0.101329	-0.0510691	-0.783721	0.00050092	-0.198448	0.037987	-0.0944061	0.187204	0.0905691	0.0353127	-0.234599	-0.0761529	0.255849	0.326178
0.00716802	-0.102286	-0.0118342	-0.76262	-0.00151564	-0.191796	0.0543854	-0.093454	0.210326	0.0457821	0.0505906	-0.246185	-0.0308951	0.236202	0.305664
0.00720898	-0.102147	0.0130424	-0.738252	-0.0049481	-0.184389	0.070485	-0.0999223	0.222724	-0.000777348	0.066278	-0.257481	0.0133406	0.207567	0.287748
0.00724994	-0.076011	0.0176906	-0.717925	-0.0023174	-0.171454	0.0833485	-0.115319	0.225647	-0.0373942	0.0787954	-0.269058	0.0545952	0.173186	0.272384
0.0072909	0.00162505	0.00892987	-0.706881	0.0101896	-0.151557	0.0920995	-0.137338	0.222135	-0.0560653	0.0830714	-0.286597	0.0889529	0.137237	0.254104
0.00733186	0.145356	0.000610921	-0.705279	0.0299604	-0.131326	0.0974647	-0.158239	0.215417	-0.0544703	0.0775276	-0.314195	0.110872	0.100554	0.229422
0.00737282	0.352862	0.00753943	-0.707202	0.0508749	-0.121361	0.0996198	-0.167289	0.208559	-0.0381632	0.0652268	-0.348313	0.116481	0.0612984	0.200737
0.00741378	0.601669	0.0423732	-0.707064	0.0694885	-0.124856	0.0978311	-0.155905	0.20437	-0.0173699	0.0509769	-0.379005	0.109479	0.0172859	0.172223
0.00745474	0.851692	0.114815	-0.706356	0.0892718	-0.13434	0.0900899	-0.123195	0.20527	-0.00569411	0.038904	-0.395879	0.0990709	-0.0304106	0.14441
0.0074957	1.06057	0.228498	-0.7055	0.115548	-0.135544	0.0748078	-0.0782246	0.211032	-0.0136215	0.0304774	-0.395964	0.0947106	-0.0762837	0.114718
0.00753666	1.19272	0.379442	-0.699277	0.152279	-0.115934	0.0534095	-0.0329718	0.220403	-0.0380438	0.0241118	-0.384605	0.102845	-0.113913	0.0828995
0.00757762	1.22411	0.556457	-0.673959	0.200317	-0.0719111	0.0335564	0.00256256	0.234757	-0.0652492	0.017238	-0.370146	0.124078	-0.138512	0.0513099
0.00761858	1.14927	0.738955	-0.614951	0.255198	-0.0126942	0.026149	0.0226566	0.253436	-0.0821287	0.00892238	-0.361558	0.152922	-0.146892	0.0210557
0.00765954	0.979696	0.900994	-0.527661	0.311257	0.0455802	0.0381766	0.0283757	0.269398	-0.0823322	0.00206661	-0.361875	0.181266	-0.139046	-0.0100803
0.0077005	0.740301	1.02185	-0.431815	0.364309	0.0913838	0.068522	0.0298861	0.275017	-0.0668009	0.000210232	-0.366321	0.201842	-0.121545	-0.0454247
0.00774146	0.463644	1.0866	-0.341708	0.408136	0.124705	0.110021	0.0421309	0.27116	-0.0447319	0.00535985	-0.368969	0.209521	-0.103742	-0.0853886
0.00778242	0.181969	1.08413	-0.263181	0.435925	0.149397	0.151462	0.0744227	0.267375	-0.0271823	0.0178044	-0.367204	0.203692	-0.0896308	-0.125801
0.00782338	-0.0810711	1.01211	-0.201863	0.444562	0.166801	0.180503	0.123479	0.273411	-0.0213464	0.0346965	-0.358729	0.189481	-0.0767314	-0.160637
0.00786434	-0.309812	0.87776	-0.165909	0.437824	0.176581	0.19309	0.178664	0.292061	-0.0265837	0.052044	-0.341504	0.17434	-0.0622717	-0.186084
0.0079053	-0.495946	0.695383	-0.165011	0.42679	0.180608	0.19438	0.231588	0.317863	-0.0366163	0.0688174	-0.317765	0.162273	-0.0472975	-0.203492
0.00794626	-0.638894	0.485602	-0.205715	0.419576	0.185759	0.19137	0.277388	0.341968	-0.0436773	0.0883635	-0.295999	0.154951	-0.0347308	-0.221549
0.00798722	-0.733331	0.267988	-0.286632	0.412378	0.198758	0.18633	0.312255	0.357838	-0.0401324	0.113132	-0.281852	0.155266	-0.0269003	-0.254134
0.00802818	-0.7692	0.0559951	-0.39506	0.391883	0.218207	0.171892	0.333853	0.362584	-0.0228437	0.140782	-0.271408	0.163178	-0.0222994	-0.307122
0.00806914	-0.749323	-0.14176	-0.509434	0.344611	0.237944	0.136237	0.34127	0.354852	0.00442198	0.165738	-0.256888	0.1743	-0.016257	-0.369607
0.0081101	-0.697358	-0.314332	-0.611635	0.268296	0.25587	0.0741497	0.334867	0.333921	0.0322351	0.183732	-0.23568	0.183783	-0.00611931	-0.422259
0.00815106	-0.650249	-0.441626	-0.696764	0.171499	0.27191	-0.00854048	0.316491	0.301219	0.0510755	0.191397	-0.210959	0.189686	0.00504094	-0.45154
0.00819202	-0.645417	-0.500083	-0.771836	0.065174	0.28049	-0.0958004	0.287864	0.261711	0.0543173	0.190036	-0.187492	0.190518	0.00977955	-0.459683
0.00823298	-0.704995	-0.477279	-0.847377	-0.0436592	0.274368	-0.171704	0.249498	0.221663	0.0370071	0.18331	-0.170972	0.184679	0.00223333	-0.458403
0.00827394	-0.82246	-0.381775	-0.923311	-0.15107	0.251748	-0.229424	0.201446	0.185205	-0.00435991	0.170341	-0.163774	0.174894	-0.0154653	-0.457682
0.0083149	-0.964508	-0.239484	-0.983646	-0.250872	0.217966	-0.273414	0.143411	0.151016	-0.0693232	0.145541	-0.163152	0.166262	-0.0384412	-0.46171
0.00835586	-1.08335	-0.0823297	-1.00791	-0.335301	0.182909	-0.312899	0.0770257	0.112998	-0.148518	0.104995	-0.16537	0.162879	-0.0645888	-0.471708
0.00839682	-1.13334	0.0570608	-0.984467	-0.400068	0.157214	-0.354432	0.0104568	0.0642021	-0.226332	0.0508339	-0.169796	0.167498	-0.0957595	-0.48674
0.00843778	-1.09571	0.148413	-0.91319	-0.440158	0.148211	-0.39514	-0.0439702	0.00304792	-0.289774	-0.0115413	-0.176481	0.178477	-0.130236	-0.502412
0.00847874	-0.989581	0.177137	-0.798398	-0.44684	0.154901	-0.42486	-0.077523	-0.0632139	-0.330212	-0.0764017	-0.182695	0.185452	-0.159245	-0.512872
0.0085197	-0.859396	0.146962	-0.649652	-0.415003	0.172792	-0.431787	-0.0880337	-0.117905	-0.343816	-0.135407	-0.185326	0.173741	-0.176341	-0.513673
0.00856066	-0.759081	0.0750807	-0.482593	-0.350106	0.200529	-0.409065	-0.0762304	-0.144465	-0.333833	-0.181806	-0.187369	0.134133	-0.183334	-0.503328
0.00860162	-0.735263	-0.0153245	-0.318473	-0.264223	0.236769	-0.360136	-0.0472441	-0.134326	-0.311898	-0.215625	-0.19828	0.070833	-0.18557	-0.487354
0.00864258	-0.807756	-0.106569	-0.179973	-0.170534	0.278506	-0.293574	-0.0103085	-0.0903058	-0.29244	-0.240911	-0.223775	0.00230872	-0.188057	-0.479826
0.00868354	-0.963554	-0.192074	-0.0792026	-0.0827587	0.325776	-0.217305	0.0261751	-0.0255784	-0.281397	-0.257892	-0.259808	-0.0476119	-0.197919	-0.495781
0.0087245	-1.16698	-0.275806	-0.0175416	-0.0153312	0.377797	-0.139707	0.0610212	0.0387645	-0.275397	-0.259693	-0.296625	-0.0651016	-0.22452	-0.54199
0.00876546	-1.36949	-0.370076	0.00816346	0.0212652	0.426899	-0.0682464	0.101889	0.0848258	-0.268707	-0.238139	-0.320666	-0.0504591	-0.272958	-0.609325
0.00880642	-1.52414	-0.486128	-0.00323332	0.0256409	0.46448	-0.0100323	0.15929	0.112356	-0.25836	-0.191702	-0.319514	-0.012063	-0.333432	-0.676756
0.00884738	-1.59441	-0.623944	-0.0542066	0.0066822	0.487965	0.0282463	0.238861	0.132776	-0.244282	-0.128306	-0.288935	0.0390663	-0.383937	-0.721838
0.00888834	-1.55564	-0.77467	-0.140898	-0.0295145	0.499221	0.0409627	0.331452	0.15476	-0.22756	-0.0627157	-0.23713	0.0909489	-0.407274	-0.731095
0.0089293	-1.40224	-0.925366	-0.251315	-0.0864019	0.497581	0.0239299	0.415984	0.178764	-0.208544	-0.0106766	-0.178311	0.132739	-0.403828	-0.707842
0.00897026	-1.14673	-1.05874	-0.371861	-0.167447	0.476653	-0.0237831	0.471318	0.195051	-0.188277	0.0177559	-0.124239	0.159977	-0.388151	-0.666696
0.00901122	-0.810726	-1.15218	-0.491163	-0.267582	0.427506	-0.0960429	0.48686	0.191495	-0.170533	0.0210116	-0.0809771	0.176867	-0.37404	-0.62704
0.00905218	-0.425876	-1.1785	-0.597935	-0.374754	0.345074	-0.183619	0.467241	0.160089	-0.158888	0.00538086	-0.0478239	0.191584	-0.366761	-0.603142
0.00909314	-0.0358409	-1.11365	-0.680469	-0.473848	0.235835	-0.280311	0.426025	0.0982027	-0.154529	-0.0207829	-0.0187278	0.209064	-0.366687	-0.597185
0.0091341	0.305102	-0.950333	-0.728098	-0.548723	0.117009	-0.380749	0.374938	0.0102301	-0.158584	-0.0525618	0.0109099	0.231657	-0.372737	-0.603267
0.00917506	0.538641	-0.699876	-0.735024	-0.586074	0.00904696	-0.478236	0.321141	-0.0918936	-0.170052	-0.087649	0.0381525	0.262485	-0.380611	-0.614137
0.00921602	0.623541	-0.391626	-0.7031	-0.581015	-0.0723164	-0.56439	0.268104	-0.191953	-0.187444	-0.12436	0.0577545	0.298313	-0.385017	-0.621401
0.00925698	0.554104	-0.0756954	-0.638502	-0.537538	-0.122929	-0.62786	0.216818	-0.276489	-0.213393	-0.161415	0.0681828	0.323562	-0.381992	-0.61846
0.00929794	0.351792	0.189496	-0.54874	-0.464722	-0.147374	-0.6556	0.171419	-0.340538	-0.251109	-0.199463	0.0699059	0.320678	-0.367257	-0.603779
0.0093389	0.0527079	0.356289	-0.447409	-0.375768	-0.152885	-0.640658	0.139544	-0.381966	-0.301136	-0.239388	0.0647177	0.288404	-0.340611	-0.581411
0.00937986	-0.296	0.394585	-0.354141	-0.286402	-0.144849	-0.586038	0.128675	-0.393764	-0.3582	-0.283444	0.0563799	0.24434	-0.311188	-0.55983
0.00942082	-0.641516	0.293831	-0.289639	-0.208401	-0.125017	-0.505592	0.138676	-0.371077	-0.411466	-0.329936	0.0494896	0.208237	-0.289077	-0.545041
0.00946178	-0.937703	0.0688998	-0.272708	-0.149518	-0.0952295	-0.420708	0.162449	-0.322728	-0.447806	-0.367051	0.0461862	0.189192	-0.275873	-0.537589
0.00950274	-1.15342	-0.240325	-0.317497	-0.123068	-0.0607323	-0.353838	0.189622	-0.271158	-0.459231	-0.379194	0.0454717	0.185248	-0.267895	-0.53748
0.0095437	-1.27921	-0.577504	-0.429583	-0.14665	-0.0316432	-0.323739	0.208394	-0.238274	-0.447888	-0.360776	0.0464149	0.190017	-0.264721	-0.545543
0.00958466	-1.3248	-0.886252	-0.6	-0.226093	-0.0223876	-0.337839	0.210868	-0.233598	-0.422518	-0.326127	0.050609	0.200903	-0.269969	-0.558601
0.00962562	-1.30725	-1.12564	-0.802544	-0.350396	-0.0444067	-0.389751	0.19592	-0.255295	-0.391467	-0.299405	0.0565951	0.220255	-0.285874	-0.570613
0.00966658	-1.23557	-1.27133	-0.995569	-0.500996	-0.100258	-0.465032	0.167684	-0.299377	-0.358843	-0.295661	0.0572963	0.249763	-0.308753	-0.572581
0.00970754	-1.10268	-1.31725	-1.1374	-0.659175	-0.187893	-0.549241	0.127861	-0.363004	-0.328285	-0.313591	0.0468559	0.287713	-0.3324	-0.556027
0.0097485	-0.89862	-1.27773	-1.19906	-0.809101	-0.304094	-0.631217	0.0738999	-0.44266	-0.309275	-0.340755	0.0280019	0.325656	-0.35061	-0.521282
0.00978947	-0.63084	-1.18055	-1.17528	-0.93619	-0.439477	-0.70267	0.00258025	-0.532291	-0.312791	-0.365537	0.0112827	0.349493	-0.359041	-0.47935
0.00983043	-0.32674	-1.05398	-1.08577	-1.02263	-0.574437	-0.758027	-0.084675	-0.621973	-0.342705	-0.385908	0.00620698	0.348063	-0.359597	-0.44489
0.00987139	-0.0196278	-0.91523	-0.962229	-1.05387	-0.683714	-0.795203	-0.1826	-0.700417	-0.39709	-0.410016	0.0135691	0.318468	-0.357256	-0.425401
0.00991235	0.260215	-0.769841	-0.831137	-1.02621	-0.745417	-0.813827	-0.281387	-0.758459	-0.46952	-0.448396	0.0248824	0.265215	-0.35796	-0.417733
0.00995331	0.489399	-0.614651	-0.701763	-0.948441	-0.753709	-0.809741	-0.365491	-0.792887	-0.546875	-0.499616	0.0290258	0.198513	-0.362525	-0.413062
0.00999427	0.654352	-0.447665	-0.570137	-0.834331	-0.721494	-0.775444	-0.417212	-0.801201	-0.614167	-0.547909	0.0194149	0.129795	-0.368514	-0.402997
0.0100352	0.747779	-0.278639	-0.429503	-0.696308	-0.670012	-0.704448	-0.427082	-0.778923	-0.659927	-0.577398	-0.00509145	0.0698693	-0.37582	-0.386544
0.0100762	0.772998	-0.125382	-0.278441	-0.54503	-0.616394	-0.59518	-0.400585	-0.72951	-0.677085	-0.586403	-0.0412185	0.028686	-0.383005	-0.367723
0.0101171	0.748271	0.000307647	-0.121558	-0.389847	-0.566865	-0.453419	-0.35153	-0.666465	-0.662955	-0.583952	-0.0778656	0.0112866	-0.388029	-0.349861
0.0101581	0.702056	0.0956124	0.0314843	-0.238527	-0.517025	-0.293417	-0.292074	-0.603306	-0.618428	-0.57577	-0.0971196	0.0142605	-0.390969	-0.334166
0.0101991	0.6631	0.165441	0.169983	-0.0977716	-0.4591	-0.134899	-0.23193	-0.544178	-0.549949	-0.559261	-0.0862346	0.0257695	-0.391557	-0.322894
0.01024	0.648033	0.216116	0.287448	0.0269164	-0.390057	0.00609653	-0.177713	-0.485736	-0.471967	-0.52975	-0.0487573	0.0356206	-0.386444	-0.318211
0.010281	0.657606	0.251315	0.381019	0.13229	-0.311863	0.124825	-0.134162	-0.421985	-0.397782	-0.484748	-0.00114071	0.0444862	-0.372508	-0.319571
0.0103219	0.683462	0.274344	0.453159	0.216225	-0.230738	0.224167	-0.102715	-0.349746	-0.328948	-0.423717	0.0396888	0.058688	-0.35031	-0.319445
0.0103629	0.717387	0.286355	0.514492	0.27806	-0.157211	0.305839	-0.0798595	-0.270531	-0.259073	-0.348739	0.0670862	0.0798788	-0.32391	-0.305336
0.0104039	0.753623	0.28743	0.578113	0.320713	-0.102163	0.36769	-0.0613924	-0.187064	-0.185563	-0.268264	0.0871634	0.10502	-0.29738	-0.271612
0.0104448	0.784801	0.278693	0.649203	0.349472	-0.072741	0.407755	-0.0444468	-0.102646	-0.110474	-0.193631	0.111277	0.129672	-0.270071	-0.223
0.0104858	0.801182	0.264118	0.724093	0.371779	-0.0692486	0.425777	-0.0284408	-0.0232407	-0.0355132	-0.130207	0.14566	0.152216	-0.234508	-0.169848
0.0105267	0.79696	0.25162	0.794551	0.394039	-0.0842578	0.424774	-0.0163472	0.0458372	0.0377381	-0.0731875	0.188524	0.174099	-0.182069	-0.120533
0.0105677	0.769749	0.247489	0.851231	0.417965	-0.106343	0.410242	-0.0112698	0.105484	0.106108	-0.0132286	0.231141	0.196387	-0.113523	-0.0767125
0.0106087	0.722531	0.248221	0.885883	0.441845	-0.125511	0.386655	-0.0139323	0.158671	0.169903	0.0560047	0.264069	0.219856	-0.0418925	-0.0361298
0.0106496	0.665863	0.248248	0.898563	0.465356	-0.138401	0.3573	-0.0213018	0.200665	0.231552	0.13278	0.286108	0.243989	0.0182259	0.0058666
0.0106906	0.617787	0.245667	0.898622	0.489101	-0.147877	0.328328	-0.0289798	0.220842	0.289494	0.206441	0.301416	0.262873	0.0626186	0.0546067
0.0107315	0.599601	0.23714	0.899504	0.510522	-0.161362	0.309497	-0.0358283	0.212276	0.339996	0.259895	0.315175	0.26934	0.0986725	0.110848
0.0107725	0.622979	0.215268	0.909411	0.525029	-0.185161	0.307549	-0.0455345	0.176372	0.381955	0.281087	0.332049	0.25943	0.136142	0.169744
0.0108135	0.676446	0.172838	0.928808	0.531946	-0.218404	0.32055	-0.0651149	0.120453	0.415843	0.272005	0.353115	0.236689	0.177072	0.223907
0.0108544	0.733909	0.107591	0.948493	0.535496	-0.256306	0.338558	-0.0977797	0.0563788	0.440049	0.245019	0.372392	0.212913	0.214211	0.269787
0.0108954	0.782134	0.0272651	0.948907	0.539448	-0.297111	0.347951	-0.138589	-0.000460775	0.451317	0.214157	0.379885	0.198371	0.2382	0.309389
0.0109363	0.82567	-0.0504754	0.911719	0.540639	-0.339322	0.340312	-0.177491	-0.0377541	0.447134	0.189889	0.369576	0.195094	0.249342	0.345674
0.0109773	0.873519	-0.107518	0.834664	0.529249	-0.374048	0.316029	-0.205052	-0.0549893	0.429045	0.174926	0.340342	0.198431	0.258699	0.379522
0.0110183	0.930105	-0.134038	0.731377	0.498154	-0.392806	0.280929	-0.218546	-0.0634678	0.401648	0.164037	0.293671	0.198838	0.27663	0.410587
0.0110592	0.991872	-0.129093	0.62245	0.449018	-0.395856	0.242184	-0.223613	-0.0760666	0.368947	0.149831	0.237663	0.186636	0.30376	0.438908
0.0111002	1.04728	-0.0976433	0.525443	0.389259	-0.389122	0.206366	-0.227107	-0.0969622	0.332264	0.128684	0.187026	0.155646	0.33315	0.464721
0.0111411	1.07985	-0.0451564	0.450794	0.325984	-0.379159	0.177759	-0.232956	-0.12213	0.294448	0.102117	0.150752	0.103672	0.3588	0.487141
0.0111821	1.07475	0.0229658	0.405005	0.265475	-0.370269	0.156459	-0.241896	-0.147538	0.26169	0.0757999	0.12539	0.0348027	0.378851	0.506182
0.0112231	1.03027	0.0948335	0.388444	0.215233	-0.366999	0.142065	-0.251502	-0.168543	0.238586	0.05457	0.100736	-0.0387787	0.392187	0.521797
0.011264	0.960795	0.152291	0.390121	0.18095	-0.372527	0.135558	-0.256339	-0.178922	0.223973	0.0375952	0.0682978	-0.0994566	0.394015	0.53046
0.011305	0.889308	0.18135	0.393282	0.161043	-0.383861	0.136033	-0.251006	-0.176237	0.21143	0.0188787	0.0256309	-0.136221	0.37899	0.528825
0.0113459	0.832983	0.180036	0.388218	0.149515	-0.393319	0.140467	-0.233315	-0.16578	0.19586	-0.00756973	-0.0221761	-0.153357	0.347149	0.514845
0.0113869	0.792198	0.153115	0.380553	0.140254	-0.394826	0.147589	-0.207234	-0.156765	0.177755	-0.0421919	-0.0674973	-0.162265	0.308438	0.485343
0.0114279	0.75693	0.105952	0.387042	0.127651	-0.383996	0.158162	-0.182518	-0.157581	0.158631	-0.080833	-0.105201	-0.16871	0.279086	0.442065
0.0114688	0.720072	0.0446082	0.422507	0.111237	-0.358296	0.174417	-0.167547	-0.171458	0.137349	-0.11972	-0.132236	-0.17212	0.268176	0.394708
0.0115098	0.680512	-0.0230794	0.489209	0.0946525	-0.318533	0.19675	-0.162901	-0.194023	0.113256	-0.156557	-0.150392	-0.171517	0.269974	0.352794
0.0115507	0.637853	-0.0872991	0.576708	0.0770831	-0.270863	0.226028	-0.160066	-0.216367	0.0892522	-0.187167	-0.16585	-0.17068	0.272668	0.31953
0.0115917	0.592524	-0.138805	0.663541	0.0572575	-0.22288	0.263623	-0.14962	-0.232482	0.0731456	-0.205854	-0.18542	-0.175691	0.271863	0.292487
0.0116327	0.549223	-0.171824	0.724236	0.0398362	-0.178311	0.30459	-0.128548	-0.241284	0.0739057	-0.207361	-0.211635	-0.189633	0.268919	0.266507
0.0116736	0.511407	-0.186697	0.745897	0.0322928	-0.136976	0.337888	-0.100572	-0.239785	0.0934013	-0.189866	-0.238034	-0.209152	0.264968	0.240812
0.0117146	0.476361	-0.187706	0.737937	0.0395547	-0.0967378	0.355467	-0.0716306	-0.22403	0.123816	-0.160403	-0.251494	-0.226303	0.259189	0.217542
0.0117556	0.438447	-0.179654	0.726379	0.0589599	-0.0594763	0.357574	-0.0450152	-0.195151	0.152894	-0.127858	-0.243849	-0.233914	0.251978	0.195803
0.0117965	0.397869	-0.166808	0.733253	0.0802378	-0.0332153	0.352082	-0.0222562	-0.161029	0.171835	-0.0944374	-0.216522	-0.231165	0.246004	0.175209
0.0118375	0.359112	-0.155986	0.758476	0.0921478	-0.0237073	0.348991	-0.00417498	-0.130702	0.178604	-0.0588004	-0.175922	-0.225996	0.244076	0.159033
0.0118784	0.327959	-0.160235	0.783659	0.0912511	-0.0263412	0.353248	0.00858624	-0.109849	0.17472	-0.0227277	-0.13228	-0.226168	0.247042	0.14861
0.0119194	0.308361	-0.189866	0.792086	0.0856387	-0.028788	0.361275	0.0125121	-0.09923	0.165346	0.00739683	-0.097896	-0.232544	0.253818	0.13974
0.0119604	0.298604	-0.236784	0.776477	0.0869072	-0.0218455	0.363856	0.00141737	-0.0944761	0.162197	0.0257458	-0.0798447	-0.241806	0.26263	0.130064
0.0120013	0.291206	-0.27788	0.739483	0.0983607	-0.0045473	0.353905	-0.0257335	-0.0897569	0.176674	0.0339235	-0.0736106	-0.251255	0.270213	0.122202
0.0120423	0.278255	-0.291436	0.692692	0.117358	0.0200939	0.334448	-0.0600183	-0.0827669	0.21134	0.0389882	-0.0686417	-0.258886	0.27596	0.121295
0.0120832	0.2554	-0.268382	0.651422	0.141711	0.0465529	0.317722	-0.0889247	-0.0704718	0.259125	0.0478621	-0.0588424	-0.262146	0.283513	0.130036
0.0121242	0.224708	-0.215351	0.625527	0.168023	0.0656285	0.31358	-0.105984	-0.0477356	0.305251	0.0595818	-0.0430424	-0.256371	0.2937	0.145648
0.0121652	0.194061	-0.148333	0.614516	0.191941	0.0684253	0.320744	-0.113911	-0.0139313	0.333456	0.0682159	-0.0231186	-0.238282	0.302811	0.161293
0.0122061	0.172935	-0.0818664	0.611663	0.209497	0.0548873	0.329333	-0.118736	0.0264776	0.334884	0.0716439	-0.00184237	-0.209623	0.308462	0.171826
0.0122471	0.17144	-0.0252561	0.608689	0.216154	0.0358335	0.326734	-0.123953	0.0671951	0.311028	0.072267	0.0180389	-0.178405	0.31352	0.179001
0.012288	0.191587	0.0168995	0.596919	0.208209	0.0254088	0.304893	-0.129133	0.0999174	0.270031	0.0720736	0.0330172	-0.155357	0.322418	0.186665
0.012329	0.218322	0.0446327	0.566327	0.185599	0.0303601	0.266964	-0.130962	0.118113	0.225014	0.0724484	0.0389039	-0.146512	0.334759	0.195448
0.01237	0.228553	0.0625179	0.517272	0.155744	0.045603	0.224217	-0.125224	0.119041	0.189659	0.0727227	0.0326489	-0.150358	0.345896	0.204988
0.0124109	0.208783	0.0763893	0.463473	0.130541	0.0615387	0.189426	-0.111374	0.0997423	0.172671	0.0723997	0.0140257	-0.164324	0.355297	0.215542
0.0124519	0.163861	0.0905446	0.418684	0.118899	0.0755145	0.169507	-0.0925742	0.0580195	0.172182	0.0732155	-0.0125311	-0.186439	0.36697	0.229793
0.0124928	0.111433	0.108453	0.38808	0.123759	0.0956202	0.162313	-0.0698303	0.00248685	0.176677	0.0755461	-0.0380533	-0.211296	0.384668	0.250297
0.0125338	0.0699222	0.132313	0.368995	0.142371	0.130953	0.159345	-0.0419066	-0.0454521	0.174635	0.0763436	-0.0553617	-0.228321	0.407922	0.27358
0.0125748	0.0528191	0.163873	0.358922	0.16765	0.182696	0.149828	-0.0136458	-0.0615173	0.164131	0.0729256	-0.0656252	-0.23138	0.431752	0.288042
0.0126157	0.061507	0.205743	0.35895	0.192108	0.243271	0.128131	0.00465826	-0.0352811	0.153771	0.0686088	-0.0731217	-0.223521	0.448495	0.281616
0.0126567	0.0878172	0.259047	0.372538	0.206193	0.299331	0.0944854	0.00805126	0.0223476	0.152597	0.0688799	-0.0774892	-0.213014	0.451888	0.254041
0.0126976	0.123663	0.320429	0.397928	0.202092	0.340424	0.0546125	0.00209822	0.0867678	0.161889	0.0750962	-0.077494	-0.205774	0.440658	0.217973
0.0127386	0.164328	0.384123	0.424566	0.180238	0.365754	0.0161869	-0.0016967	0.137004	0.175569	0.0831506	-0.0757861	-0.203501	0.41635	0.188676
0.0127796	0.205872	0.444776	0.438711	0.14964	0.378899	-0.015029	0.00414278	0.164503	0.185218	0.0885847	-0.0755035	-0.206954	0.382462	0.171361
0.0128205	0.246933	0.496942	0.432532	0.118773	0.385925	-0.0342473	0.018604	0.170384	0.188794	0.0873969	-0.0768494	-0.216315	0.347726	0.158274
0.0128615	0.286909	0.538448	0.408202	0.0894466	0.394713	-0.041392	0.0358019	0.159878	0.189838	0.0796108	-0.0793293	-0.228013	0.325913	0.140343
0.0129024	0.322738	0.572343	0.378484	0.0593444	0.405732	-0.0429791	0.0524503	0.139664	0.193195	0.0694672	-0.0823767	-0.237004	0.322926	0.117454
0.0129434	0.351772	0.604988	0.356874	0.0252127	0.410625	-0.0481167	0.0648359	0.119058	0.202372	0.0607812	-0.082698	-0.240695	0.335864	0.096223
0.0129844	0.374039	0.63903	0.350121	-0.0154811	0.40177	-0.0632875	0.069038	0.107225	0.213534	0.0529497	-0.076335	-0.2414	0.358693	0.0820465
0.0130253	0.392094	0.669299	0.3543	-0.0612517	0.380472	-0.0874242	0.0659551	0.10857	0.217328	0.0430604	-0.0622961	-0.243861	0.381861	0.0747406
0.0130663	0.407969	0.690417	0.355742	-0.106045	0.354134	-0.11152	0.0606128	0.122705	0.207952	0.0308846	-0.0444322	-0.249714	0.394393	0.0689097
0.0131072	0.422805	0.703667	0.338492	-0.139932	0.330294	-0.127602	0.0602201	0.144045	0.186876	0.0204121	-0.030949	-0.25447	0.388784	0.0620766
0.0131482	0.435718	0.714089	0.299774	-0.152727	0.310217	-0.134204	0.0672036	0.162166	0.158729	0.0195438	-0.0276458	-0.248672	0.365286	0.0584194
0.0131892	0.440932	0.724608	0.254428	-0.140907	0.294982	-0.137806	0.0764156	0.168062	0.127329	0.0353681	-0.0332742	-0.226529	0.329851	0.063994
0.0132301	0.431398	0.733343	0.222295	-0.111028	0.290809	-0.14695	0.0822119	0.157868	0.098406	0.0661475	-0.0426361	-0.192261	0.290499	0.0796424
0.0132711	0.408044	0.736359	0.214704	-0.0749438	0.304039	-0.163594	0.0856651	0.138549	0.0816105	0.0989955	-0.0499527	-0.156202	0.253595	0.101535
0.013312	0.378692	0.733134	0.229476	-0.0409881	0.331914	-0.184279	0.0890264	0.124637	0.0829065	0.119976	-0.0499448	-0.127201	0.220167	0.125274
0.013353	0.347126	0.725014	0.252215	-0.0130173	0.361497	-0.202966	0.0932148	0.127218	0.0982903	0.124998	-0.0403094	-0.106058	0.18961	0.147194
0.013394	0.311842	0.711228	0.268346	0.00746048	0.379594	-0.214234	0.0995387	0.147876	0.116351	0.11907	-0.0255769	-0.087059	0.165851	0.164247
0.0134349	0.270774	0.690737	0.271424	0.0197612	0.381776	-0.21672	0.110495	0.180399	0.125264	0.112413	-0.0148298	-0.0677474	0.155287	0.174968
0.0134759	0.222959	0.665926	0.261833	0.0248609	0.374052	-0.211474	0.127657	0.216194	0.118899	0.118252	-0.0139626	-0.053247	0.159947	0.177773
0.0135168	0.167271	0.642427	0.245641	0.0284796	0.363222	-0.199855	0.149349	0.247378	0.0990727	0.145044	-0.0228998	-0.0485166	0.172886	0.172924
0.0135578	0.106319	0.626076	0.230794	0.0402986	0.351932	-0.185711	0.169515	0.26825	0.0701474	0.189516	-0.0360217	-0.0516598	0.180835	0.165154
0.0135988	0.0482643	0.618097	0.216883	0.0661876	0.34275	-0.175761	0.177651	0.275781	0.0377281	0.238379	-0.0451566	-0.0580652	0.174134	0.162017
0.0136397	0.00248183	0.615096	0.200169	0.102586	0.340785	-0.175298	0.163813	0.269902	0.00873989	0.275426	-0.0463497	-0.0636827	0.154161	0.168247
0.0136807	-0.0265717	0.611244	0.18354	0.137117	0.352004	-0.183465	0.129453	0.256471	-0.0123079	0.290502	-0.0411011	-0.0664976	0.12906	0.185377
0.0137216	-0.0379481	0.600557	0.172151	0.155661	0.376391	-0.194176	0.0908219	0.246793	-0.0228759	0.281393	-0.0342201	-0.0681066	0.106415	0.210769
0.0137626	-0.0337963	0.582114	0.167051	0.152255	0.406754	-0.198565	0.0644335	0.250102	-0.0233341	0.253304	-0.0298639	-0.0703399	0.0882029	0.235684
0.0138036	-0.0234476	0.557083	0.166904	0.133225	0.432053	-0.189279	0.0567044	0.265025	-0.0197465	0.21745	-0.0269252	-0.0742146	0.0709889	0.251328
0.0138445	-0.017909	0.526432	0.169333	0.112277	0.442288	-0.164259	0.0652138	0.285358	-0.0205156	0.189309	-0.0194656	-0.0804561	0.0501776	0.256631
0.0138855	-0.0211234	0.492657	0.171795	0.100313	0.432704	-0.128822	0.0829418	0.30806	-0.0281624	0.179447	-0.00280011	-0.0878833	0.0247405	0.256731
0.0139264	-0.0324411	0.457573	0.172728	0.0996333	0.404137	-0.0956502	0.100504	0.332597	-0.0385245	0.186778	0.0195118	-0.089638	0.000527402	0.253959
0.0139674	-0.0532661	0.419223	0.169685	0.105459	0.358885	-0.0783264	0.108804	0.357326	-0.0470085	0.203312	0.0381501	-0.0785312	-0.0132566	0.248185
0.0140084	-0.088081	0.376635	0.159556	0.110309	0.302723	-0.080391	0.103565	0.376586	-0.0530576	0.220067	0.0465276	-0.0560974	-0.0103849	0.236792
0.0140493	-0.135213	0.333886	0.143687	0.110856	0.248813	-0.0932428	0.0879348	0.383124	-0.0570332	0.231093	0.0472084	-0.0297465	0.00500196	0.214112
0.0140903	-0.183399	0.295321	0.128094	0.11311	0.21386	-0.104357	0.0674335	0.376458	-0.0564587	0.236148	0.0498536	-0.0072916	0.0195159	0.178987
0.0141312	-0.221907	0.265189	0.119114	0.12766	0.208084	-0.107166	0.0450507	0.362621	-0.0486002	0.239014	0.0617686	0.0040715	0.0211724	0.138372
0.0141722	-0.250427	0.243728	0.113168	0.159681	0.227272	-0.102687	0.022589	0.349058	-0.0346289	0.243946	0.0830058	-0.000399588	0.00834698	0.101927
0.0142132	-0.278145	0.224043	0.0956499	0.203039	0.257903	-0.0946013	0.00296835	0.340615	-0.0199683	0.252236	0.108391	-0.0182366	-0.0109911	0.0773282
0.0142541	-0.315303	0.195426	0.0577259	0.242522	0.286324	-0.0850577	-0.00690968	0.337255	-0.0105369	0.262829	0.130148	-0.0402827	-0.0242958	0.0697745
0.0142951	-0.364562	0.151097	0.0105218	0.263934	0.306601	-0.0742464	-0.00110947	0.33643	-0.0064075	0.275261	0.140768	-0.056769	-0.0254021	0.0810041
0.014336	-0.418079	0.094489	-0.0250526	0.261693	0.317434	-0.0618145	0.0215127	0.336966	-0.00147836	0.290202	0.137249	-0.0615095	-0.0212919	0.104505
0.014377	-0.465798	0.0365552	-0.0397888	0.239906	0.315644	-0.0483441	0.0558539	0.335871	0.00779714	0.305808	0.123231	-0.0527309	-0.0243762	0.12946
0.014418	-0.503742	-0.0117485	-0.0405214	0.208819	0.296462	-0.0352732	0.0939574	0.326806	0.0195951	0.317891	0.104822	-0.0349826	-0.0375212	0.148987
0.0144589	-0.531426	-0.0463283	-0.042014	0.18126	0.26094	-0.0262759	0.128411	0.30478	0.0286416	0.324742	0.0874824	-0.0172111	-0.0535616	0.158769
0.0144999	-0.549856	-0.0710625	-0.0553551	0.166336	0.219187	-0.0269297	0.154274	0.272815	0.0284823	0.326909	0.0745761	-0.00521073	-0.0646849	0.155428
0.0145408	-0.564401	-0.0937602	-0.0831047	0.16594	0.184814	-0.0397318	0.172977	0.239682	0.0173769	0.324834	0.0677613	-0.0015079	-0.0698572	0.137711
0.0145818	-0.584413	-0.119496	-0.124608	0.173836	0.164508	-0.0611998	0.191212	0.211498	0.000923255	0.31878	0.067753	-0.00660954	-0.0730868	0.111458
0.0146228	-0.615806	-0.147994	-0.178942	0.179603	0.154098	-0.0841674	0.213063	0.188897	-0.0134174	0.310626	0.0727943	-0.0174964	-0.0760536	0.0880322
0.0146637	-0.658177	-0.175068	-0.240267	0.175958	0.14307	-0.101587	0.23494	0.171533	-0.0234452	0.30114	0.0774039	-0.0283044	-0.0774148	0.075945
0.0147047	-0.707842	-0.195334	-0.296985	0.160787	0.121638	-0.107563	0.251373	0.159545	-0.0278182	0.288956	0.076077	-0.0347393	-0.0759141	0.0769273
0.0147456	-0.760879	-0.205441	-0.342891	0.135342	0.0885207	-0.0979881	0.25942	0.152379	-0.0249548	0.274665	0.0662566	-0.034562	-0.0717205	0.0851198
0.0147866	-0.811571	-0.207918	-0.379782	0.103457	0.0508166	-0.0758627	0.258532	0.150386	-0.0175747	0.260732	0.0477456	-0.030591	-0.0651508	0.0916606
0.0148276	-0.852403	-0.210205	-0.409924	0.0731059	0.0145614	-0.0516997	0.251559	0.151903	-0.00931024	0.25049	0.021197	-0.0276411	-0.056439	0.0895959
0.0148685	-0.877563	-0.219664	-0.432242	0.0547658	-0.0167423	-0.0361258	0.244118	0.150669	-0.00261831	0.246098	-0.0113416	-0.0263503	-0.0459426	0.0766424
0.0149095	-0.889627	-0.240001	-0.449773	0.0502991	-0.0392614	-0.0288532	0.242029	0.140765	-0.000542386	0.24596	-0.0436467	-0.0246951	-0.0361927	0.0559687
0.0149504	-0.894994	-0.267754	-0.476302	0.0518362	-0.0526416	-0.0208032	0.249039	0.123261	-0.00446195	0.246863	-0.0665121	-0.0219707	-0.0331192	0.0363669
