:RUN-1	LEVEL SWEEP	TEMP:N/A	1/20/2017 2:19:37 PM	 	HR:N/A:SW EAR: R	SW FREQ: 3.00	# AVERAGES: 1000	REP RATE (/sec): 1.1	DRIVER:  	SAMPLE (µsec): 40.96:NOTES-:CHAMBER-EPhys Export:LEVELS: :DATA -0.132976
 -0.189704
 -0.218613
 -0.218529
 -0.198137
 -0.171415
 -0.151091
 -0.143245
 -0.145500
 -0.149350
 -0.145207
 -0.127566
 -0.097815
 -0.063536
 -0.034825
 -0.019566
 -0.019959
 -0.031869
 -0.047146
 -0.057649
 -0.058952
 -0.052021
 -0.042228
 -0.036405
 -0.039535
 -0.052672
 -0.072881
 -0.094921
 -0.113543
 -0.125232
 -0.128766
 -0.124756
 -0.114827
 -0.101069
 -0.085926
 -0.072222
 -0.062862
 -0.060059
 -0.064370
 -0.074160
 -0.085984
 -0.095894
 -0.101116
 -0.101265
 -0.098439
 -0.096085
 -0.097196
 -0.102709
 -0.110930
 -0.118281
 -0.120978
 -0.116830
 -0.106233
 -0.091891
 -0.077399
 -0.065419
 -0.056355
 -0.048167
 -0.037375
 -0.020744
  0.003164
  0.033217
  0.066016
  0.097020
  0.122007
  0.138270
  0.145185
  0.144032
  0.137241
  0.127341
  0.115986
  0.103342
  0.088059
  0.067921
  0.041006
  0.006965
 -0.032144
 -0.071962
 -0.106975
 -0.132317
 -0.145415
 -0.146705
 -0.139056
 -0.126191
 -0.110931
 -0.094159
 -0.075018
 -0.052179
 -0.025412
  0.003469
  0.030908
  0.053014
  0.067313
  0.073843
  0.074933
  0.073801
  0.072750
  0.072005
  0.069804
  0.063650
  0.051929
  0.034999
  0.015185
 -0.004167
 -0.019963
 -0.030240
 -0.034305
 -0.032269
 -0.024458
 -0.011115
  0.007431
  0.030352
  0.056009
  0.082046
  0.105886
  0.125353
  0.139098
  0.146583
  0.147731
  0.142522
  0.130854
  0.112784
  0.088949
  0.060849
  0.030723
  0.001055
 -0.025999
 -0.048939
 -0.066829
 -0.078977
 -0.084736
 -0.083701
 -0.076251
 -0.064049
 -0.050001
 -0.037453
 -0.028854
 -0.024561
 -0.022470
 -0.018792
 -0.009682
  0.007061
  0.031038
  0.059442
  0.088161
  0.113142
  0.131358
  0.141097
  0.141803
  0.133904
  0.118876
  0.099436
  0.079449
  0.063238
  0.054349
  0.054276
  0.061806
  0.073417
  0.084649
  0.091869
  0.093618
  0.090946
  0.086590
  0.083445
  0.083087
  0.085067
  0.087300
  0.087330
  0.083795
  0.077342
  0.070481
  0.066410
  0.067343
  0.073141
  0.080954
  0.086140
  0.084165
  0.072693
  0.052916
  0.029486
  0.008920
 -0.002890
 -0.003071
  0.007010
  0.022263
  0.035976
  0.042621
  0.040138
  0.030692
  0.019585
  0.012874
  0.014809
  0.026270
  0.044771
  0.065884
  0.085213
  0.099983
  0.109585
  0.115081
  0.118115
  0.119883
  0.120587
  0.119491
  0.115351
  0.106929
  0.093367
  0.074411
  0.050547
  0.023110
 -0.005715
 -0.033202
 -0.056798
 -0.075103
 -0.088644
 -0.099911
 -0.112368
 -0.128763
 -0.149528
 -0.172213
 -0.192388
 -0.205681
 -0.209895
 -0.206076
 -0.197901
 -0.189727
 -0.184344
 -0.181668
 -0.179074
 -0.173168
 -0.162025
 -0.146674
 -0.130993
 -0.120019
 -0.117471
 -0.123745
 -0.135374
 -0.146278
 -0.150255
 -0.143587
 -0.126595
 -0.103517
 -0.080824
 -0.064745
 -0.059024
 -0.063737
 -0.075514
 -0.088952
 -0.098629
 -0.100950
 -0.095231
 -0.083681
 -0.070384
 -0.059680
 -0.054550
 -0.055609
 -0.061067
 -0.067665
 -0.072176
 -0.072807
 -0.069873
 -0.065415
 -0.061970
 -0.061115
 -0.062535
 -0.064141
 -0.063187
 -0.057828
 -0.048298
 -0.037051
 -0.027747
 -0.023546
 -0.025549
 -0.032163
 -0.039694
 -0.043867
 -0.041544
 -0.031866
 -0.016388
  0.001710
  0.018892
  0.032423
  0.041028
  0.044931
  0.045445
  0.044374
  0.043464
  0.044002
  0.046545
  0.050788
  0.055606
  0.059394
  0.060706
  0.059019
  0.055250
  0.051645
  0.050932
  0.055020
  0.063866
  0.075140
  0.084971
  0.089534
  0.086770
  0.077393
  0.064661
  0.052954
  0.045814
  0.044384
  0.047008
  0.050192
  0.050424
  0.045941
  0.037542
  0.028082
  0.020931
  0.018268
  0.020071
  0.024296
  0.028017
  0.028841
  0.025823
  0.019511
  0.011282
  0.002531
 -0.005796
 -0.013159
 -0.019112
 -0.023120
 -0.024727
 -0.023979
 -0.021740
 -0.019582
 -0.019208
 -0.021688
 -0.026930
 -0.033686
 -0.040075
 -0.044299
 -0.045196
 -0.042376
 -0.035999
 -0.026462
 -0.014262
 -0.000130
  0.014721
  0.028530
  0.039340
  0.045699
  0.047408
  0.045865
  0.043728
  0.043956
  0.048635
  0.058155
  0.071137
  0.085158
  0.097862
  0.107887
  0.115118
  0.120225
  0.123836
  0.125916
  0.125730
  0.122396
  0.115659
  0.106405
  0.096619
  0.088785
  0.085042
  0.086440
  0.092622
  0.101993
  0.112265
  0.121149
  0.126922
  0.128737
  0.126627
  0.121284
  0.113748
  0.105100
  0.096237
  0.087733
  0.079795
  0.072319
  0.065050
  0.057795
  0.050591
  0.043717
  0.037470
  0.031784
  0.025937
  0.018599
  0.008379
 -0.005270
 -0.021248
 -0.036625
 -0.047431
 -0.050226
 -0.043808
 -0.030179
 -0.014172
 -0.001731
  0.002451
 -0.003107
 -0.016061
 -0.031303
 -0.043235
 -0.048204
 -0.045961
 -0.039447
 -0.033075
 -0.030377
 -0.032244
 -0.036623
 -0.039784
 -0.038423
 -0.031486
 -0.020800
 -0.010236
 -0.003929
 -0.004444
 -0.011738
 -0.023286
 -0.035208
 -0.043812
 -0.046915
 -0.044472
 -0.038357
 -0.031505
 -0.026807
 -0.026203
 -0.030279
 -0.038398
 -0.049156
 -0.060820
 -0.071540
 -0.079391
 -0.082508
 -0.079606
 -0.070827
 -0.058473
 -0.046953
 -0.041539
 -0.046164
 -0.061234
 -0.082718
 -0.103316
 -0.115491
 -0.115012
 -0.103210
 -0.086617
 -0.073973
 -0.072003
 -0.082079
 -0.099530
 -0.115975
 -0.123508
 -0.118601
 -0.103735
 -0.085994
 -0.073405
 -0.070940
 -0.078194
 -0.089819
 -0.098388
 -0.098148
 -0.087812
 -0.071070
 -0.054737
 -0.045536
 -0.047094
 -0.058485
 -0.074851
 -0.089661
 -0.097516
 -0.096247
 -0.087464
 -0.075431
 -0.064874
 -0.058758
 -0.057064
 -0.057072
 -0.054952
 -0.047877
 -0.035599
 -0.020752
 -0.007746
 -0.000793
 -0.002041
 -0.010646
 -0.023157
 -0.034905
 -0.041648
 -0.040768
 -0.031659
 -0.015479
  0.005349
  0.027595
  0.047620
  0.061924
  0.067962
  0.065053
  0.054950
  0.041644
  0.030259
  0.025385
  0.029471
  0.041962
  0.059530
  0.077306
  0.090639
  0.096671
  0.095169
  0.088312
  0.079569
  0.072193
  0.068004
  0.066970
  0.067725
  0.068642
  0.068827
  0.068472
  0.068409
  0.069218
  0.070500
  0.070861
  0.068681
  0.063261
  0.055625
  0.048391
  0.044638
  0.046281
  0.052828
  0.061294
  0.067453
  0.067870
  0.061690
  0.051219
  0.040905
  0.035204
  0.036378
  0.043326
  0.052063
  0.057604
  0.056367
  0.047947
  0.035443
  0.024190
  0.019498
  0.024408
  0.038469
  0.058019
  0.077767
  0.092906
  0.100776
  0.101443
  0.097074
  0.090623
  0.084549
  0.080177
  0.077842
  0.077491
  0.079179
  0.083063
  0.088890
  0.095434
  0.100394
  0.101049
  0.095437
  0.083432
  0.067093
  0.050025
  0.036031
  0.027701
  0.025554
  0.028044
  0.032280
  0.035089
  0.033995
  0.027885
  0.017258
  0.004063
 -0.008873
 -0.018762
 -0.023906
 -0.024475
 -0.022597
 -0.021576
 -0.024456
 -0.032588
 -0.044916
 -0.058418
 -0.069515
 -0.075744
 -0.076816
 -0.074537
 -0.071670
 -0.070443
 -0.071538
 -0.074098
 -0.076667
 -0.078422
 -0.079871
 -0.082570
 -0.088012
 -0.096372
 -0.105957
 -0.113746
 -0.116787
 -0.113664
 -0.105199
 -0.094031
 -0.083341
 -0.075480
 -0.071192
 -0.069721
 -0.069527
 -0.069103
 -0.067488
 -0.064396
 -0.060137
 -0.055513
 -0.051702
 -0.050041
 -0.051617
 -0.056802
 -0.064959
 -0.074524
 -0.083445
 -0.089736
 -0.091897
 -0.089078
 -0.081101
 -0.068487
 -0.052557
 -0.035460
 -0.019913
 -0.008548
 -0.003059
 -0.003516
 -0.008245
 -0.014431
 -0.019214
 -0.020809
 -0.019108
 -0.015500
 -0.012003
 -0.010162
 -0.010297
 -0.011489
 -0.012294
 -0.011751
 -0.010076
 -0.008592
 -0.008883
 -0.011679
 -0.016135
 -0.020005
 -0.020676
 -0.016495
 -0.007626
  0.004079
  0.016136
  0.026783
  0.035837
  0.044524
  0.054381
  0.065887
  0.077671
  0.086845
  0.090376
  0.086788
  0.077259
  0.065432
  0.055939
  0.052335
  0.055470
  0.063128
  0.071103
  0.075121
  0.072630
  0.063614
  0.050187
  0.035360
  0.021733
  0.010738
  0.002647
 -0.002894
 -0.006228
 -0.007349
 -0.005975
 -0.001941
  0.004337
  0.011612
  0.017908
  0.020973
  0.018939
  0.010954
 -0.002404
 -0.019035
 -0.035589
 -0.048067
 -0.052700
 -0.046975
 -0.030580
 -0.005906
  0.022214
  0.047679
  0.064989
  0.071177
  0.067031
  0.056939
  0.047242
  0.043632
  0.048681
  0.060647
  0.074218
  0.082971
  0.082463
  0.072443
  0.057077
  0.042999
  0.036118
  0.038787
  0.048713
  0.060146
  0.066684
  0.064266
  0.052910
  0.036474
  0.020718
  0.010744
  0.008977
  0.014496
  0.023762
  0.032251
  0.036241
  0.034106
  0.026748
  0.017117
  0.009028
  0.005701
  0.008515
  0.016423
  0.026259
  0.033843
  0.035469
  0.029227
  0.015671
 -0.002417
 -0.021042
 -0.036405
 -0.046175
 -0.050131
 -0.049962
 -0.048298
 -0.047388
 -0.048010
 -0.049100
 -0.048312
 -0.043294
 -0.033112
 -0.019150
 -0.005005
  0.004677
  0.006006
 -0.002419
 -0.018625
 -0.037705
 -0.053527
 -0.061095
 -0.058531
 -0.047758
 -0.033459
 -0.020773
 -0.012850
 -0.009538
 -0.007871
 -0.004067
  0.004107
  0.015931
  0.028032
  0.036172
  0.037472
  0.031831
  0.021837
  0.011291
  0.003249
 -0.001360
 -0.003844
 -0.006641
 -0.011694
 -0.019233
 -0.027600
 -0.034181
 -0.036874
 -0.035280
 -0.030975
 -0.026772
 -0.025384
 -0.028240
 -0.035033
 -0.044145
 -0.053600
 -0.061921
 -0.068481
 -0.073278
 -0.076502
 -0.078295
 -0.078872
 -0.078783
 -0.078985
 -0.080510
 -0.083895
 -0.088763
 -0.093879
 -0.097663
 -0.098873
 -0.097046
 -0.092535
 -0.086223
 -0.079183
 -0.072465
 -0.067005
 -0.063529
 -0.062358
 -0.063188
 -0.064996
 -0.066228
 -0.065271
 -0.061024
 -0.053348
 -0.043187
 -0.032310
 -0.022769
 -0.016247
 -0.013523
 -0.014239
 -0.017066
 -0.020194
 -0.021951
 -0.021245
 -0.017622
 -0.010957
 -0.001057
  0.012459
  0.029779
  0.050199
  0.071578
  0.090516
  0.103418
  0.108054
  0.104814
  0.096831
  0.088756
  0.084672
  0.086211
  0.091867
  0.097905
  0.100398
  0.097312
  0.089605
  0.080797
  0.075295
  0.076302
  0.084288
  0.096640
  0.108581
  0.114951
  0.112135
  0.099446
  0.079436
  0.057034
  0.037778
  0.025804
  0.022386
  0.025645
  0.031599
  0.036115
  0.036849
  0.034208
  0.030769
  0.029401
  0.031125
  0.034006
  0.033894
  0.026804
  0.011648
 -0.008342
 -0.026543
 -0.035972
 -0.032888
 -0.019008
 -0.001022
  0.012454
  0.014972
  0.005301
 -0.012087
 -0.029280
 -0.038713
 -0.036571
 -0.024191
 -0.006963
  0.008526
  0.017572
  0.019175
  0.015838
  0.011683
  0.009983
  0.011464
  0.014206
  0.015108
  0.011986
  0.005081
 -0.002933
 -0.008448
 -0.009028
 -0.004878
  0.001233
  0.005522
  0.005301
  0.000384
 -0.007000
 -0.013628
 -0.017141
 -0.017208
 -0.015408
 -0.014039
 -0.014664
 -0.017257
 -0.020356
 -0.021996
 -0.020810
 -0.016695
 -0.010763
 -0.004716
 -0.000025
  0.002664
  0.003702
  0.004165
  0.005357
  0.008323
  0.013536
  0.020822
  0.029440
  0.038228
  0.045761
  0.050561
  0.051400
  0.047681
  0.039758
  0.029007
  0.017493
  0.007315
 -0.000120
 -0.004509
 -0.006519
 -0.007194
 -0.007243
 -0.006691
 -0.005120
 -0.002345
  0.000958
  0.003151
  0.002233
 -0.003142
 -0.012839
 -0.025090
 -0.037172
 -0.046542
 -0.051846
 -0.053276
 -0.052176
 -0.050186
 -0.048438
 -0.047223
 -0.046220
 -0.045046
 -0.043714
 -0.042689
 -0.042512
 -0.043279
 -0.044316
 -0.044329
 -0.041975
 -0.036584
 -0.028660
 -0.019895
 -0.012669
 -0.009203
 -0.010666
 -0.016522
 -0.024408
 -0.030651
 -0.031421
 -0.024181
 -0.008929
  0.011376
  0.031557
  0.045999
  0.050811
  0.045447
  0.032997
  0.018954
  0.008951
  0.006484
  0.011633
  0.021337
  0.031016
  0.036726
  0.036817
  0.032397
  0.026470
  0.022286
  0.021740
  0.024606
  0.028909
  0.032181
  0.032885
  0.031211
  0.028796
  0.027511
  0.028040
  0.029152
  0.028230
  0.022897
  0.012834
  0.000632
 -0.009078
 -0.012000
 -0.006868
  0.003131
  0.011257
  0.010304
 -0.003539
 -0.028099
 -0.055454
 -0.075169
 -0.079119
 -0.065543
 -0.040235
 -0.014182
  0.001278
 -0.000579
 -0.019146
 -0.047215
 -0.074587
 -0.092634
 -0.097592
 -0.091234
 -0.079002
 -0.066899
 -0.058827
 -0.055508
 -0.055134
 -0.055020
 -0.053188
 -0.049138
 -0.043658
 -0.038050
 -0.033340
 -0.029860
 -0.027280
 -0.024892
 -0.021966
 -0.018037
 -0.013127
 -0.007851
 -0.003318
 -0.000756
 -0.000893
 -0.003398
 -0.006721
 -0.008565
 -0.006871
 -0.000853
  0.008434
  0.018333
  0.025541
  0.027349
  0.022665
  0.012423
 -0.000682
 -0.012974
 -0.020800
 -0.021476
 -0.013973
  0.000792
  0.020119
  0.040124
  0.056681
  0.066471
  0.067877
  0.061432
  0.049671
  0.036387
  0.025502
  0.019875
  0.020426
  0.025851
  0.033037
  0.038097
  0.037677
  0.030151
  0.016284
 -0.000859
 -0.016781
 -0.026949
 -0.028297
 -0.020341
 -0.005481
  0.011710
  0.026010
  0.033366
  0.032274
  0.024136
  0.012439
  0.001157
 -0.006879
 -0.010896
 -0.012028
 -0.012300
 -0.013337
 -0.015466
 -0.017572
 -0.017709
 -0.014084
 -0.005972
  0.005861
  0.019338
  0.031803
  0.040952
  0.045620
  0.046056
  0.043602
  0.039923
  0.036188
  0.032618
  0.028621
  0.023443
  0.016938
  0.010002
  0.004399
  0.002024
  0.003971
  0.009886
  0.017967
  0.025663
  0.030758
  0.032359
  0.031284
  0.029613
  0.029597
  0.032432
  0.037569
  0.042963
  0.046163
  0.045681
  0.041862
  0.036741
  0.032951
  0.032284
  0.034693
  0.038311
  0.040429
  0.038898
  0.033181
  0.024528
  0.015278
  0.007714
  0.003114
  0.001433
  0.001642
  0.002398
  0.002622
  0.001703
 -0.000598
 -0.004292
 -0.009089
 -0.014125
 -0.017778
 -0.017937
 -0.012838
 -0.002143
  0.012355
  0.026972
  0.037393
  0.040416
  0.035327
  0.024194
  0.010947
 -0.000226
 -0.006374
 -0.006517
 -0.001514
  0.006626
  0.015466
  0.022603
  0.025881
  0.023597
  0.014877
  0.000177
 -0.018417
 -0.037419
 -0.052844
 -0.061487
 -0.062056
 -0.055586
 -0.044917
 -0.033481
 -0.023977
 -0.017522
 -0.013595
 -0.010663
 -0.007083
 -0.001850
  0.005071
  0.012851
  0.020167
  0.025648
  0.028271
  0.027651
  0.024209
 -0.027564
 -0.004050
  0.010696
  0.015711
  0.013364
  0.007701
  0.002322
 -0.000993
 -0.002252
 -0.002130
 -0.000797
  0.002336
  0.007731
  0.014459
  0.019738
  0.020012
  0.013223
  0.000890
 -0.011563
 -0.016966
 -0.010226
  0.008180
  0.031249
  0.048051
  0.048983
  0.031119
  0.000742
 -0.028660
 -0.042316
 -0.031257
  0.002993
  0.048633
  0.088797
  0.109271
  0.104900
  0.081504
  0.052433
  0.031625
  0.026818
  0.036393
  0.051272
  0.060591
  0.057874
  0.044361
  0.027854
  0.017993
  0.020805
  0.035558
  0.055502
  0.071835
  0.078514
  0.075249
  0.067204
  0.061818
  0.064630
  0.076384
  0.092847
  0.107253
  0.113979
  0.111482
  0.103025
  0.094846
  0.092752
  0.098850
  0.110138
  0.119739
  0.120317
  0.108038
  0.085094
  0.059372
  0.041203
  0.038613
  0.053319
  0.079514
  0.106183
  0.122001
  0.120541
  0.103272
  0.078819
  0.058750
  0.051879
  0.059876
  0.076393
  0.090207
  0.090868
  0.074072
  0.044053
  0.011791
 -0.010111
 -0.013334
  0.002334
  0.029089
  0.054939
  0.069305
  0.067633
  0.052894
  0.033506
  0.018955
  0.015379
  0.023191
  0.037598
  0.051406
  0.058505
  0.056314
  0.046227
  0.032199
  0.018483
  0.007728
  0.000281
 -0.005256
 -0.010772
 -0.017476
 -0.025379
 -0.033534
 -0.040745
 -0.046300
 -0.050359
 -0.053883
 -0.058165
 -0.064230
 -0.072320
 -0.081702
 -0.090873
 -0.098113
 -0.102175
 -0.102831
 -0.101015
 -0.098459
 -0.096970
 -0.097664
 -0.100506
 -0.104377
 -0.107606
 -0.108718
 -0.107041
 -0.102937
 -0.097615
 -0.092669
 -0.089573
 -0.089303
 -0.092142
 -0.097631
 -0.104635
 -0.111507
 -0.116414
 -0.117848
 -0.115185
 -0.109065
 -0.101308
 -0.094268
 -0.089822
 -0.088460
 -0.088972
 -0.088980
 -0.086089
 -0.079087
 -0.068544
 -0.056474
 -0.045229
 -0.036252
 -0.029375
 -0.023061
 -0.015471
 -0.005746
  0.005229
  0.015049
  0.020957
  0.021368
  0.016926
  0.010490
  0.005956
  0.006438
  0.012689
  0.022559
  0.031831
  0.036115
  0.032935
  0.023018
  0.010129
 -0.000520
 -0.004555
 -0.000325
  0.010507
  0.023928
  0.035537
  0.042488
  0.044459
  0.043257
  0.041473
  0.041041
  0.042497
  0.045212
  0.048237
  0.051079
  0.053920
  0.057258
  0.061365
  0.066026
  0.070726
  0.075056
  0.078936
  0.082445
  0.085391
  0.087026
  0.086225
  0.082097
  0.074641
  0.064964
  0.054857
  0.045914
  0.038724
  0.032612
  0.026101
  0.017848
  0.007553
 -0.003637
 -0.013413
 -0.019171
 -0.019087
 -0.012960
 -0.002471
  0.009262
  0.018718
  0.023212
  0.021858
  0.015826
  0.007737
  0.000437
 -0.004319
 -0.006656
 -0.008443
 -0.012301
 -0.020227
 -0.032490
 -0.047318
 -0.061505
 -0.071667
 -0.075563
 -0.072933
 -0.065497
 -0.056151
 -0.047752
 -0.042043
 -0.039198
 -0.038140
 -0.037405
 -0.036022
 -0.033945
 -0.031841
 -0.030440
 -0.029911
 -0.029657
 -0.028649
 -0.026051
 -0.021731
 -0.016356
 -0.011038
 -0.006805
 -0.004234
 -0.003452
 -0.004410
 -0.007153
 -0.011763
 -0.017924
 -0.024381
 -0.028761
 -0.028118
 -0.020174
 -0.004714
  0.015651
  0.035974
  0.050719
  0.056058
  0.051584
  0.040503
  0.028115
  0.019304
  0.016339
  0.018128
  0.021279
  0.022323
  0.019825
  0.015213
  0.011905
  0.013269
  0.020587
  0.032147
  0.043913
  0.051344
  0.051378
  0.043584
  0.030043
  0.014229
 -0.000387
 -0.011334
 -0.017421
 -0.018501
 -0.015120
 -0.008371
  0.000053
  0.007882
  0.012654
  0.012487
  0.006897
 -0.002821
 -0.014010
 -0.023752
 -0.030130
 -0.032980
 -0.033746
 -0.034582
 -0.037278
 -0.042610
 -0.050355
 -0.059742
 -0.069846
 -0.079621
 -0.087668
 -0.092144
 -0.091185
 -0.083773
 -0.070590
 -0.054223
 -0.038433
 -0.026761
 -0.021155
 -0.021337
 -0.025197
 -0.029923
 -0.033227
 -0.034037
 -0.032437
 -0.029075
 -0.024511
 -0.018947
 -0.012456
 -0.005476
  0.000847
  0.004822
  0.004939
  0.000819
 -0.006145
 -0.012900
 -0.015698
 -0.011542
  0.000571
  0.019204
  0.041084
  0.062434
  0.080421
  0.094053
  0.104180
  0.112721
  0.121525
  0.131376
  0.141510
  0.149801
  0.153559
  0.150702
  0.140887
  0.126123
  0.110482
  0.098842
  0.095060
  0.100342
  0.112576
  0.127062
  0.138427
  0.142908
  0.139986
  0.132546
  0.125418
  0.122935
  0.126653
  0.134411
  0.141274
  0.141985
  0.133712
  0.117686
  0.098784
  0.083201
  0.075331
  0.075428
  0.079253
  0.079950
  0.071250
  0.050510
  0.020153
 -0.013152
 -0.041155
 -0.057349
 -0.059473
 -0.050178
 -0.035681
 -0.023099
 -0.017693
 -0.021188
 -0.031757
 -0.045436
 -0.058153
 -0.067338
 -0.072467
 -0.074501
 -0.074761
 -0.073990
 -0.072112
 -0.068708
 -0.063789
 -0.058262
 -0.053776
 -0.052016
 -0.053884
 -0.059038
 -0.065985
 -0.072621
 -0.076901
 -0.077371
 -0.073500
 -0.065874
 -0.056260
 -0.047455
 -0.042731
 -0.044863
 -0.055013
 -0.071996
 -0.092398
 -0.111665
 -0.125762
 -0.132633
 -0.132799
 -0.128803
 -0.123832
 -0.120240
 -0.118672
 -0.118146
 -0.116912
 -0.113538
 -0.107655
 -0.100019
 -0.091972
 -0.084675
 -0.078564
 -0.073317
 -0.068308
 -0.063247
 -0.058566
 -0.055274
 -0.054300
 -0.055720
 -0.058349
 -0.060045
 -0.058632
 -0.053006
 -0.043806
 -0.033298
 -0.024460
 -0.019700
 -0.019775
 -0.023383
 -0.027625
 -0.029147
 -0.025526
 -0.016319
 -0.003327
  0.010083
  0.020336
  0.025104
  0.024180
  0.019370
  0.013414
  0.008509
  0.005160
  0.001985
 -0.003411
 -0.012944
 -0.026689
 -0.042380
 -0.056060
 -0.063601
 -0.062443
 -0.052756
 -0.037512
 -0.021412
 -0.009090
 -0.003354
 -0.004195
 -0.008971
 -0.013652
 -0.014547
 -0.009730
  0.000408
  0.013640
  0.027062
  0.038328
  0.046402
  0.051562
  0.054826
  0.057211
  0.059277
  0.061163
  0.062971
  0.065152
  0.068525
  0.073832
  0.081061
  0.088965
  0.095176
  0.096968
  0.092422
  0.081435
  0.066073
  0.050052
  0.037514
  0.031597
  0.033391
  0.041651
  0.053297
  0.064426
  0.071428
  0.071880
  0.065051
  0.051997
  0.035271
  0.018316
  0.004618
 -0.003198
 -0.004091
  0.001113
  0.009984
  0.019260
  0.025852
  0.027726
  0.024372
  0.016703
  0.006510
 -0.004241
 -0.013934
 -0.021484
 -0.026190
 -0.027507
 -0.024991
 -0.018524
 -0.008712
  0.002826
  0.013594
  0.020881
  0.022758
  0.019007
  0.011476
  0.003623
 -0.000679
  0.001395
  0.010490
  0.024741
  0.040398
  0.053126
  0.059468
  0.057939
  0.049371
  0.036476
  0.022852
  0.011835
  0.005595
  0.004742
  0.008469
  0.015063
  0.022534
  0.029107
  0.033536
  0.035246
  0.034415
  0.031961
  0.029353
  0.028155
  0.029398
  0.033060
  0.038016
  0.042580
  0.045467
  0.046608
  0.047329
  0.049678
  0.055205
  0.063863
  0.073649
  0.081249
  0.083413
  0.078394
  0.066765
  0.051235
  0.035566
  0.023075
  0.015406
  0.012074
  0.010939
  0.009367
  0.005513
 -0.000851
 -0.008378
 -0.015014
 -0.019264
 -0.021164
 -0.022413
 -0.025511
 -0.032349
 -0.043005
 -0.055443
 -0.066350
 -0.072662
 -0.072973
 -0.068056
 -0.060256
 -0.052166
 -0.045359
 -0.039901
 -0.034845
 -0.029319
 -0.023458
 -0.018566
 -0.016356
 -0.017708
 -0.021707
 -0.025600
 -0.025808
 -0.019538
 -0.006191
  0.012164
  0.031505
  0.047451
  0.056986
  0.059526
  0.056934
  0.052535
  0.049677
  0.050496
  0.055323
  0.062850
  0.070787
  0.076644
  0.078341
  0.074590
  0.065101
  0.050716
  0.033419
  0.016079
  0.001830
 -0.006853
 -0.009048
 -0.005863
 -0.000204
  0.004143
  0.003804
 -0.003015
 -0.015906
 -0.032423
 -0.048948
 -0.061961
 -0.069243
 -0.070594
 -0.067775
 -0.063732
 -0.061404
 -0.062598
 -0.067374
 -0.074142
 -0.080387
 -0.083704
 -0.082744
 -0.077749
 -0.070550
 -0.064025
 -0.061212
 -0.064306
 -0.073846
 -0.088350
 -0.104614
 -0.118636
 -0.126908
 -0.127604
 -0.121171
 -0.110069
 -0.097751
 -0.087373
 -0.080779
 -0.078189
 -0.078605
 -0.080611
 -0.083085
 -0.085463
 -0.087534
 -0.089048
 -0.089504
 -0.088304
 -0.085176
 -0.080521
 -0.075392
 -0.071068
 -0.068448
 -0.067629
 -0.067892
 -0.068074
 -0.067117
 -0.064511
 -0.060457
 -0.055746
 -0.051422
 -0.048375
 -0.046960
 -0.046743
 -0.046445
 -0.044174
 -0.037952
 -0.026445
 -0.009639
  0.010854
  0.032094
  0.050668
  0.063792
  0.070195
  0.070426
  0.066501
  0.061107
  0.056690
  0.054762
  0.055599
  0.058401
  0.061814
  0.064628
  0.066337
  0.067314
  0.068497
  0.070745
  0.074234
  0.078273
  0.081665
  0.083423
  0.083415
  0.082507
  0.082111
  0.083367
  0.086436
  0.090325
  0.093335
  0.093860
  0.091084
  0.085200
  0.077101
  0.067817
  0.058088
  0.048303
  0.038753
  0.029888
  0.022300
  0.016407
  0.012086
  0.008637
  0.005216
  0.001534
 -0.001678
 -0.002866
 -0.000535
  0.005649
  0.014241
  0.022385
  0.027063
  0.026598
  0.021581
  0.014668
  0.009354
  0.008350
  0.012417
  0.020182
  0.028937
  0.035924
  0.039428
  0.039212
  0.036256
  0.032087
  0.028129
  0.025344
  0.024179
  0.024672
  0.026543
  0.029209
  0.031827
  0.033491
  0.033634
  0.032470
  0.031208
  0.031751
  0.035887
  0.044281
  0.055828
  0.067832
  0.077047
  0.081125
  0.079697
  0.074481
  0.068336
  0.063818
  0.062054
  0.062539
  0.063849
  0.064724
  0.064746
  0.064195
  0.063246
  0.061142
  0.056055
  0.045894
  0.029716
  0.008906
 -0.012666
 -0.029803
 -0.038003
 -0.035401
 -0.023650
 -0.007324
  0.007863
  0.017169
  0.018326
  0.011909
  0.000605
 -0.012133
 -0.023395
 -0.031637
 -0.036797
 -0.039802
 -0.041725
 -0.043010
 -0.043113
 -0.040811
 -0.035062
 -0.026031
 -0.015628
 -0.007138
 -0.003902
 -0.007622
 -0.017183
 -0.028749
 -0.037288
 -0.038861
 -0.032553
 -0.020980
 -0.009042
 -0.001526
 -0.000780
 -0.005701
 -0.012562
 -0.017246
 -0.017672
 -0.015064
 -0.013313
 -0.016677
 -0.027042
 -0.042254
 -0.056604
 -0.063381
 -0.058280
 -0.041882
 -0.019818
 -0.000380
  0.009280
  0.006474
 -0.005892
 -0.020943
 -0.031363
 -0.033004
 -0.026694
 -0.017351
 -0.010956
 -0.011089
 -0.016985
 -0.024213
 -0.027599
 -0.024709
 -0.017848
 -0.013329
 -0.018286
 -0.036734
 -0.067002
 -0.101983
 -0.132096
 -0.149452
 -0.151111
 -0.139917
 -0.122672
 -0.106801
 -0.097207
 -0.094736
 -0.096667
 -0.098634
 -0.096859
 -0.089671
 -0.077836
 -0.063826
 -0.050571
 -0.040279
 -0.033763
 -0.030402
 -0.028640
 -0.026745
 -0.023547
 -0.018887
 -0.013629
 -0.009189
 -0.006733
 -0.006375
 -0.006778
 -0.005515
 -0.000182
  0.010152
  0.023894
  0.036992
  0.044317
  0.041919
  0.029148
  0.009545
 -0.010106
 -0.022324
 -0.022064
 -0.009036
  0.011864
  0.032330
  0.043951
  0.041691
  0.026044
  0.002895
 -0.018936
 -0.031487
 -0.031142
 -0.020240
 -0.006005
  0.002779
 -0.000121
 -0.015440
 -0.038045
 -0.059394
 -0.071661
 -0.071541
 -0.061833
 -0.049998
 -0.044360
 -0.049851
 -0.065460
 -0.084674
 -0.098690
 -0.100727
 -0.089225
 -0.068339
 -0.045600
 -0.028068
 -0.019057
 -0.017045
 -0.017153
 -0.014170
 -0.005385
  0.008254
  0.023077
  0.034970
  0.041597
  0.043374
  0.042866
  0.043186
  0.046475
  0.053266
  0.062890
  0.074377
  0.087118
  0.100830
  0.114977
  0.128220
  0.138464
  0.143658
  0.142941
  0.137428
  0.130073
  0.124550
  0.123641
  0.127930
  0.135421
  0.142305
  0.144505
  0.139364
  0.126768
  0.109275
  0.091218
  0.077113
  0.069995
  0.070320
  0.075883
  0.082841
  0.087403
  0.087495
  0.083588
  0.078298
  0.074902
  0.075517
  0.079884
  0.085442
  0.088651
  0.086889
  0.079875
  0.069880
  0.060617
  0.055466
  0.055946
  0.061209
  0.068681
  0.075425
  0.079465
  0.080470
  0.079587
  0.078663
  0.079313
  0.082296
  0.087369
  0.093550
  0.099548
  0.104103
  0.106159
  0.104917
  0.099882
  0.090964
  0.078576
  0.063611
  0.047253
  0.030686
  0.014875
  0.000537
 -0.011727
 -0.021336
 -0.027867
 -0.031432
 -0.033056
 -0.034684
 -0.038607
 -0.046449
 -0.058229
 -0.072078
 -0.084888
 -0.093680
 -0.096993
 -0.095574
 -0.091968
 -0.089210
 -0.089315
 -0.092361
 -0.096622
 -0.099647
 -0.099669
 -0.096604
 -0.092126
 -0.088802
 -0.088786
 -0.092755
 -0.099621
 -0.107135
 -0.113010
 -0.115955
 -0.116095
 -0.114623
 -0.112955
 -0.111918
 -0.111428
 -0.110822
 -0.109593
 -0.108042
 -0.107398
 -0.109243
 -0.114562
 -0.122948
 -0.132508
 -0.140603
 -0.145067
 -0.145253
 -0.142297
 -0.138437
 -0.135758
 -0.135065
 -0.135477
 -0.134947
 -0.131395
 -0.123855
 -0.113069
 -0.101281
 -0.091372
 -0.085740
 -0.085416
 -0.089718
 -0.096513
 -0.102909
 -0.106097
 -0.104067
 -0.096032
 -0.082514
 -0.065110
 -0.046057
 -0.027704
 -0.012068
 -0.000562
  0.006078
  0.007748
  0.004944
 -0.001204
 -0.008889
 -0.015742
 -0.019244
 -0.017408
 -0.009510
  0.003488
  0.019094
  0.034042
  0.045385
  0.051486
  0.052464
  0.049951
  0.046297
  0.043581
  0.042879
  0.044031
  0.045951
  0.047273
  0.047014
  0.044991
  0.041848
  0.038730
  0.036800
  0.036790
  0.038753
  0.042074
  0.045721
  0.048651
  0.050274
  0.050808
  0.051345
  0.053483
  0.058578
  0.066910
  0.077218
  0.086995
  0.093519
  0.095188
  0.092407
  0.087493
  0.083547
  0.082861
  0.085737
  0.090382
  0.093943
  0.094120
  0.090453
  0.084604
  0.079476
  0.077686
  0.080194
  0.085819
  0.091849
  0.095368
  0.094583
  0.089467
  0.081437
  0.072376
  0.063604
  0.055415
  0.047386
  0.039153
  0.031082
  0.024300
  0.020040
  0.018704
  0.019304
  0.019743
  0.017861
  0.012703
  0.005221
 -0.002035
 -0.006154
 -0.005336
  0.000195
  0.008363
  0.016375
  0.022179
  0.025428
  0.027439
  0.030211
  0.035077
  0.041776
  0.048485
  0.052834
  0.053369
  0.050645
  0.047263
  0.046718
  0.051586
  0.061982
  0.075136
  0.086400
  0.091198
  0.086987
  0.074248
  0.056104
  0.036861
  0.020300
  0.008561
  0.002019
 -0.000065
  0.001279
  0.005153
  0.010627
  0.016312
  0.020160
  0.019887
  0.013911
  0.002318
 -0.012791
 -0.027908
 -0.039488
 -0.045400
 -0.045683
 -0.042199
 -0.037416
