:RUN-18	LEVEL SWEEP	TEMP:NaN	3/19/2018	11:44 AM	HR:NaN:SW EAR: R	SW FREQ: C:\Users\Akouos\Desktop\chirpMV.wav	# AVERAGES: 256	REP RATE (/sec): 29	DRIVER: 	SAMPLE (µsec): 40	MASKER dB: 0:NOTES-:CHAMBER-Akouos:Avgs: 256;256;256;256;256;256;256;256;256;256;256;256;256
:Tries: 256;256;256;256;256;256;256;256;256;256;256;256;256
:Log: :Vary signal level: TRUE :Control: NaN:CFTS Version: V2.25 (R1691):LEVELS:10;15;20;25;30;35;40;45;50;55;60;65;70;:DATA  0.004990	  0.018373	 -0.011901	  0.015100	 -0.007053	  0.024748	  0.014117	  0.043868	  0.048707	 -0.031922	  0.011916	  0.022265	 -0.018273
  0.001385	 -0.003266	  0.006115	  0.023983	 -0.016553	  0.011236	 -0.021182	  0.062398	  0.035011	 -0.021440	  0.005434	  0.042791	 -0.002764
  0.003005	 -0.013178	 -0.000894	  0.021217	  0.002008	  0.002837	  0.004821	  0.031514	  0.016489	 -0.026884	 -0.001975	  0.032619	 -0.013082
 -0.022669	 -0.023151	  0.003700	  0.018211	  0.018290	  0.014013	  0.012481	  0.006845	 -0.000717	 -0.002173	 -0.003685	  0.030142	  0.013496
 -0.026326	 -0.036325	 -0.008392	 -0.015159	  0.003491	 -0.002513	 -0.002409	  0.003388	 -0.008097	 -0.005285	  0.012484	  0.044360	  0.006608
 -0.032645	 -0.013836	 -0.014879	 -0.005979	  0.004844	  0.006481	 -0.007785	 -0.007085	  0.012281	 -0.012506	  0.034191	  0.029849	  0.006321
 -0.006144	 -0.014707	 -0.008891	 -0.003541	 -0.003935	  0.018087	  0.002388	 -0.002945	 -0.015755	 -0.000436	  0.036589	  0.035373	  0.009817
 -0.013613	 -0.019059	 -0.016640	 -0.017278	  0.014322	  0.005993	 -0.018114	 -0.003676	  0.010129	 -0.048065	  0.034206	  0.016477	  0.019235
 -0.003834	 -0.009807	 -0.011005	 -0.020243	  0.025558	 -0.005685	  0.016409	 -0.006821	  0.012971	 -0.026970	  0.031030	 -0.008988	  0.008022
 -0.004892	 -0.006023	 -0.008205	  0.004173	  0.008764	 -0.007523	 -0.007114	  0.007575	 -0.002240	 -0.020946	 -0.004069	 -0.008002	  0.015826
 -0.020478	  0.004641	 -0.013653	 -0.035886	  0.003522	 -0.009100	  0.014353	  0.005715	 -0.001397	 -0.009352	  0.017589	 -0.010120	  0.013468
 -0.004020	  0.019023	 -0.009298	 -0.002067	 -0.012517	 -0.039799	  0.001479	  0.008677	 -0.009654	  0.018312	 -0.014285	 -0.009391	  0.025528
 -0.011068	  0.027757	  0.004665	  0.034378	  0.024383	 -0.025503	  0.004184	  0.001139	 -0.017109	  0.018254	 -0.009019	 -0.006981	  0.005062
 -0.002518	  0.004641	 -0.001125	  0.031868	  0.013180	 -0.011899	 -0.003419	  0.003066	 -0.017984	  0.022063	 -0.017728	 -0.006911	 -0.010896
 -0.000928	 -0.005436	  0.000800	  0.026655	 -0.002489	 -0.010709	  0.004915	  0.026338	 -0.009352	  0.041313	 -0.011150	 -0.037046	 -0.007702
 -0.000440	 -0.000628	  0.026222	  0.018288	 -0.006279	 -0.004586	 -0.005990	 -0.014748	 -0.022362	  0.039008	 -0.020209	 -0.036788	 -0.016475
  0.022679	  0.013865	  0.031111	 -0.010569	 -0.032178	  0.020320	 -0.007190	 -0.035478	 -0.032458	 -0.000075	 -0.012466	 -0.051956	 -0.002759
  0.049528	  0.014762	  0.015237	 -0.035683	  0.001494	  0.004897	 -0.015465	 -0.031126	 -0.014104	  0.028582	 -0.033930	 -0.039239	 -0.019674
  0.032564	  0.022586	  0.009118	 -0.029874	 -0.019021	  0.008084	  0.010826	 -0.044734	  0.020252	  0.039589	 -0.038347	 -0.020821	 -0.008902
  0.035423	  0.019768	  0.007915	 -0.017594	 -0.019832	  0.000621	  0.002694	 -0.053909	 -0.004609	 -0.001065	 -0.016575	 -0.017633	 -0.022856
  0.025874	  0.016504	 -0.005434	 -0.042044	 -0.016087	  0.010387	 -0.009114	 -0.023349	 -0.011033	  0.001024	 -0.031031	 -0.029021	 -0.009052
  0.034089	  0.028820	  0.024106	 -0.034971	 -0.005415	  0.043943	 -0.004979	 -0.014521	 -0.032669	  0.001488	 -0.018628	 -0.017637	 -0.008467
  0.039631	  0.007033	  0.048693	 -0.021247	 -0.010042	  0.033974	 -0.023558	 -0.001073	 -0.034783	 -0.029651	 -0.028079	 -0.033418	  0.034925
  0.029935	 -0.002905	  0.001867	 -0.013535	 -0.014226	  0.017382	 -0.024886	 -0.018324	 -0.049960	 -0.020882	 -0.031170	 -0.046689	  0.062691
  0.024013	 -0.023174	 -0.011906	  0.002457	 -0.000236	  0.014668	 -0.015986	 -0.042422	 -0.049874	  0.001048	 -0.020135	 -0.024393	  0.050248
  0.019387	 -0.009236	 -0.002661	 -0.015807	 -0.008453	  0.023938	 -0.006438	 -0.030176	 -0.043382	  0.017291	 -0.054898	 -0.028756	  0.031966
  0.051770	 -0.010982	  0.008330	 -0.015071	 -0.025383	  0.011494	 -0.048269	 -0.027948	 -0.043203	  0.031236	 -0.062687	 -0.010816	  0.010767
  0.054422	  0.033774	  0.020519	  0.004742	 -0.025975	  0.025788	 -0.031505	 -0.034939	 -0.044035	  0.033662	 -0.054623	 -0.032703	  0.028134
  0.040332	  0.019375	 -0.020241	 -0.018989	 -0.028396	  0.010968	 -0.032000	 -0.056173	 -0.044168	  0.014046	 -0.049431	 -0.055061	 -0.001313
  0.029197	 -0.010633	 -0.009053	 -0.001004	 -0.049112	  0.030365	 -0.015630	 -0.032426	 -0.017207	  0.015856	 -0.020020	 -0.049541	 -0.008845
  0.028772	 -0.000272	  0.012851	 -0.003003	 -0.046413	  0.050178	 -0.022171	  0.016735	 -0.020253	  0.008539	 -0.044244	 -0.028505	 -0.007748
  0.025285	  0.011402	  0.008857	 -0.028918	 -0.051721	  0.057825	 -0.028547	  0.020279	 -0.019162	 -0.001383	 -0.076499	 -0.003639	  0.005396
  0.009742	  0.006053	 -0.018451	 -0.038621	 -0.047795	  0.068233	 -0.035333	  0.033549	 -0.003896	  0.030531	 -0.038154	 -0.013155	 -0.006640
  0.026911	  0.003630	 -0.028732	 -0.054685	 -0.033626	  0.052176	 -0.042634	  0.018670	 -0.029087	  0.012069	 -0.018005	 -0.021428	 -0.010937
  0.022881	 -0.006287	  0.005598	 -0.071279	 -0.023374	  0.058327	 -0.047415	  0.009078	 -0.030907	  0.015521	 -0.028374	 -0.035580	 -0.010495
  0.027023	  0.000430	  0.015061	 -0.085067	 -0.036942	  0.068552	 -0.032823	  0.013748	 -0.006114	  0.005137	 -0.051809	 -0.051329	 -0.016373
  0.018496	  0.003145	 -0.026780	 -0.047172	 -0.039497	  0.077291	 -0.029186	 -0.006228	  0.007246	 -0.011552	 -0.046876	 -0.054750	 -0.021387
  0.024637	 -0.004234	 -0.030962	 -0.027950	 -0.053373	  0.083136	 -0.038347	 -0.005001	 -0.007179	 -0.022075	 -0.075240	 -0.028525	 -0.028973
  0.019352	 -0.007441	 -0.007859	 -0.063948	 -0.061766	  0.098288	 -0.032728	  0.029767	 -0.010720	  0.008888	 -0.069988	  0.007508	 -0.025692
  0.021016	 -0.006884	 -0.019194	 -0.045616	 -0.059482	  0.096789	 -0.041671	  0.007016	  0.016391	  0.019198	 -0.051125	  0.006409	 -0.001134
  0.029513	 -0.009107	 -0.007434	 -0.030702	 -0.046177	  0.083989	 -0.080023	 -0.022044	 -0.002870	  0.003872	 -0.043958	 -0.014368	 -0.008164
  0.015264	 -0.015166	 -0.025994	 -0.051476	 -0.037309	  0.077232	 -0.096714	 -0.002027	 -0.011211	 -0.001103	 -0.026069	 -0.014023	 -0.005641
  0.003348	  0.039959	 -0.010690	 -0.056423	 -0.023340	  0.063995	 -0.050105	  0.010482	 -0.003305	 -0.026857	 -0.011193	  0.008858	  0.025398
 -0.004188	  0.040490	 -0.010000	 -0.035740	 -0.025084	  0.068585	 -0.067778	  0.035522	 -0.006100	 -0.030739	 -0.024137	 -0.001342	 -0.008155
  0.020787	  0.025824	  0.001788	 -0.030014	 -0.012228	  0.084239	 -0.042451	  0.008314	 -0.021669	 -0.022944	 -0.074310	 -0.009547	 -0.010035
  0.013335	  0.038225	  0.027428	 -0.003287	 -0.011446	  0.087033	 -0.010763	 -0.024001	 -0.016146	  0.009108	 -0.036312	 -0.008093	 -0.016555
  0.003877	  0.009535	 -0.011961	  0.012922	  0.002551	  0.054254	 -0.029773	 -0.012687	 -0.002853	  0.010827	 -0.034224	 -0.013051	 -0.016041
 -0.010528	 -0.005909	 -0.029291	 -0.002654	  0.003191	  0.038876	 -0.039189	 -0.008006	 -0.002493	  0.004129	 -0.034219	  0.008439	 -0.017904
 -0.024219	  0.018158	 -0.046200	  0.007898	 -0.024179	  0.047027	 -0.067163	 -0.013355	  0.003813	 -0.003723	 -0.002262	  0.027349	 -0.017938
 -0.009276	  0.021263	 -0.042892	  0.016077	  0.011774	  0.081206	 -0.073209	 -0.017260	 -0.003525	  0.017170	 -0.023485	  0.030907	 -0.020676
 -0.004972	  0.029413	 -0.004625	 -0.002109	  0.022057	  0.094861	 -0.085146	 -0.027116	 -0.000197	  0.014874	 -0.031020	  0.026612	 -0.033429
 -0.011273	  0.019371	 -0.015923	 -0.004536	  0.009144	  0.075399	 -0.080963	 -0.017805	 -0.026056	  0.017133	 -0.042352	  0.008576	 -0.001511
 -0.014004	  0.018499	 -0.010658	  0.033210	  0.011759	  0.100907	 -0.107826	 -0.011751	 -0.011013	  0.000994	 -0.037176	 -0.010826	 -0.010509
 -0.010451	  0.012044	  0.008170	  0.041012	  0.002192	  0.100046	 -0.079631	 -0.017824	 -0.037777	  0.018066	 -0.010007	  0.022007	 -0.005589
 -0.027422	  0.007638	  0.008698	  0.028811	 -0.008650	  0.081545	 -0.074674	  0.007147	 -0.011406	  0.037649	 -0.008515	  0.007356	 -0.009037
 -0.040035	  0.000596	  0.037501	  0.012764	 -0.014119	  0.093360	 -0.091164	 -0.018109	  0.005074	 -0.008547	 -0.012985	 -0.003848	 -0.034195
 -0.001090	  0.028729	  0.015045	 -0.010801	 -0.008610	  0.108243	 -0.062875	 -0.020626	  0.002881	  0.000168	 -0.013655	  0.023141	 -0.017272
  0.031278	  0.022924	  0.032204	 -0.012572	 -0.028849	  0.058737	 -0.066659	 -0.013819	  0.010285	  0.011999	 -0.015214	  0.018942	 -0.014312
  0.045190	  0.024702	  0.031170	 -0.015004	 -0.014439	  0.053630	 -0.093146	 -0.017145	  0.016554	 -0.005657	 -0.006571	  0.021037	  0.005434
  0.024711	  0.014846	  0.013148	 -0.018239	 -0.005822	  0.043274	 -0.056798	 -0.039005	 -0.025740	 -0.034534	 -0.055636	  0.025822	  0.005057
  0.033989	  0.000706	  0.017708	  0.010020	 -0.011401	  0.029618	 -0.035420	 -0.058608	 -0.033724	 -0.024365	 -0.045664	  0.032481	  0.002432
  0.035721	 -0.006839	 -0.004095	 -0.007935	 -0.002780	  0.063617	 -0.046538	 -0.039541	 -0.013335	 -0.030131	 -0.027566	  0.023491	  0.002459
  0.034884	  0.009100	  0.007392	  0.002385	 -0.020588	  0.067376	 -0.063551	 -0.023135	 -0.035504	 -0.010058	 -0.014604	  0.036070	  0.009700
  0.038532	  0.021477	 -0.001391	 -0.008356	 -0.022574	  0.091435	 -0.037708	 -0.027420	 -0.039024	  0.033416	 -0.024531	  0.046003	  0.033718
  0.025577	  0.020280	  0.002816	 -0.033473	 -0.017647	  0.089089	 -0.056104	 -0.006168	 -0.037110	  0.014591	 -0.043907	  0.010642	  0.003699
  0.033560	  0.030895	  0.022486	 -0.023607	 -0.009077	  0.059429	 -0.057066	 -0.028532	 -0.014368	 -0.001987	  0.010407	  0.035319	  0.015331
  0.019231	  0.025094	  0.011985	 -0.021584	  0.002018	  0.039482	 -0.050984	 -0.045605	 -0.028738	  0.004549	 -0.011122	  0.036560	  0.008034
  0.012962	  0.013956	  0.040123	 -0.024839	  0.004435	  0.052655	 -0.059385	 -0.009658	 -0.024094	 -0.027367	 -0.041946	  0.032838	  0.008236
 -0.003609	  0.011439	  0.018753	 -0.058304	  0.009594	  0.042514	 -0.052207	  0.004423	 -0.014023	 -0.013087	  0.002591	  0.003969	 -0.004658
  0.008214	 -0.003014	  0.019312	 -0.053472	  0.009191	  0.050170	 -0.049588	 -0.004548	 -0.013896	 -0.014100	  0.014097	  0.042071	 -0.005439
  0.018685	  0.004224	  0.036786	 -0.049632	  0.027423	  0.048556	 -0.070294	 -0.012228	 -0.012281	 -0.017465	  0.003255	  0.045052	  0.027407
  0.009195	  0.011969	  0.037674	 -0.019622	  0.030271	  0.032198	 -0.052748	  0.007700	 -0.017552	  0.015581	 -0.010048	  0.042383	 -0.012487
  0.010592	  0.026548	  0.019018	 -0.003237	  0.015486	  0.030415	 -0.045643	 -0.004634	 -0.021112	  0.011049	 -0.007176	  0.061630	 -0.009627
 -0.005784	  0.018637	  0.048137	 -0.019730	  0.038770	  0.044075	 -0.032204	  0.024674	 -0.022944	  0.000269	  0.002200	  0.077100	  0.001539
  0.003554	  0.003256	  0.048135	 -0.039886	  0.019633	  0.037964	 -0.024191	  0.022387	 -0.027461	  0.016993	  0.006917	  0.056567	  0.045524
 -0.017335	 -0.006652	  0.027582	 -0.051018	  0.002897	  0.069004	 -0.031665	  0.026299	 -0.032216	  0.014083	 -0.023129	  0.056321	  0.019757
 -0.027453	 -0.033847	  0.039516	 -0.045539	 -0.024970	  0.098243	 -0.022521	  0.026382	 -0.016531	  0.020545	 -0.031464	  0.029619	  0.020190
 -0.033022	 -0.033037	  0.031651	 -0.044703	 -0.034660	  0.094217	 -0.011916	  0.009511	 -0.012678	  0.001376	 -0.031656	  0.042431	  0.056407
 -0.022745	 -0.008183	  0.048418	 -0.009157	 -0.008119	  0.082232	 -0.010527	  0.020921	 -0.040680	  0.005571	 -0.037778	  0.046014	  0.058047
 -0.021096	  0.001147	  0.064606	 -0.010067	 -0.005860	  0.066722	 -0.063502	  0.023958	 -0.043097	 -0.020093	 -0.042550	  0.050064	  0.039540
  0.001417	  0.007212	  0.059129	 -0.007772	  0.006014	  0.056231	 -0.051969	  0.028501	 -0.040443	 -0.011985	 -0.030187	  0.056068	  0.039475
  0.016347	  0.001726	  0.064653	 -0.021813	  0.020430	  0.055468	 -0.042361	  0.015695	 -0.053644	 -0.018984	 -0.034701	  0.078404	  0.040790
  0.044060	  0.013057	  0.045286	 -0.019521	 -0.010467	  0.059681	 -0.035954	  0.017527	 -0.038781	 -0.039986	 -0.028602	  0.052645	  0.060151
  0.022027	 -0.011719	  0.033715	 -0.025572	 -0.005250	  0.057749	  0.005604	 -0.017912	 -0.029917	 -0.043215	 -0.010441	  0.055954	  0.062061
  0.001123	 -0.059924	  0.030349	 -0.017132	 -0.013135	  0.055041	 -0.029911	 -0.012147	 -0.017674	 -0.026047	 -0.012511	  0.063141	  0.054742
  0.008044	 -0.044777	  0.038336	 -0.019332	  0.007883	  0.056798	 -0.029349	 -0.015451	 -0.029385	 -0.007611	 -0.007688	  0.041529	  0.058444
 -0.000129	 -0.025149	  0.058427	 -0.050199	 -0.038819	  0.086902	 -0.004651	  0.013847	 -0.009624	 -0.000499	  0.042147	  0.022249	  0.052961
  0.029306	 -0.018673	  0.043098	 -0.027124	 -0.036493	  0.105649	 -0.004461	  0.004694	 -0.000431	 -0.016115	  0.034768	  0.052247	  0.054674
  0.048290	 -0.020974	  0.030501	 -0.018437	 -0.034328	  0.105386	 -0.008130	  0.019490	 -0.015565	 -0.031133	  0.038044	  0.039422	  0.039926
  0.056088	  0.003479	  0.065071	 -0.019905	 -0.027214	  0.080948	  0.010565	  0.055959	 -0.022098	 -0.029792	  0.027086	  0.042630	  0.059409
  0.026480	 -0.015341	  0.039146	 -0.036596	  0.003257	  0.052976	 -0.002310	  0.086205	 -0.013500	 -0.005916	  0.029577	  0.037108	  0.072141
  0.033378	 -0.037736	  0.033291	 -0.049897	  0.008514	  0.048696	 -0.021365	  0.069831	  0.002841	  0.013983	  0.009949	  0.027847	  0.085246
  0.003695	 -0.019372	  0.022812	 -0.033998	 -0.019208	  0.050781	 -0.010617	  0.050254	  0.015069	  0.011160	  0.027569	  0.072585	  0.106224
  0.019953	 -0.013523	  0.020040	 -0.037353	 -0.058555	  0.074619	 -0.022421	  0.036911	 -0.013741	 -0.014942	  0.051193	  0.073507	  0.110632
  0.032151	 -0.015820	  0.037142	 -0.045514	 -0.031856	  0.092698	 -0.011180	  0.013153	  0.004593	 -0.035956	  0.023982	  0.063721	  0.149694
  0.037728	 -0.036445	  0.043875	 -0.022835	 -0.023843	  0.071975	  0.000177	  0.009578	  0.043143	 -0.039102	  0.021894	  0.054806	  0.153089
  0.029952	 -0.020298	  0.032019	 -0.002575	 -0.013327	  0.061119	 -0.002152	  0.004684	  0.050135	 -0.035063	  0.022262	  0.068632	  0.202478
  0.041628	 -0.027244	  0.049141	 -0.026724	  0.018252	  0.074416	 -0.017145	  0.028897	  0.060879	 -0.028835	  0.039166	  0.083005	  0.194371
  0.023496	 -0.044641	  0.076194	 -0.035844	 -0.021996	  0.059912	 -0.009747	  0.001232	  0.051050	 -0.015873	  0.074781	  0.071027	  0.213682
 -0.013840	 -0.035714	  0.063664	 -0.028290	 -0.033022	  0.040738	 -0.013364	 -0.007794	  0.049957	 -0.009122	  0.083469	  0.092275	  0.241522
 -0.002057	 -0.019519	  0.051124	 -0.040966	 -0.011388	  0.042985	  0.007484	 -0.000560	  0.031022	 -0.024254	  0.099666	  0.122275	  0.220583
 -0.010847	 -0.029280	  0.042005	 -0.045400	 -0.046617	  0.033883	  0.012901	 -0.014855	  0.029974	 -0.015838	  0.108916	  0.155477	  0.234860
  0.013547	 -0.020079	  0.015771	 -0.038732	 -0.048978	  0.036554	  0.013543	  0.018252	  0.043126	  0.006943	  0.123699	  0.185121	  0.242480
  0.039494	 -0.022631	  0.013858	 -0.027085	 -0.040333	  0.060683	 -0.022439	  0.024646	  0.066123	  0.011701	  0.122737	  0.193291	  0.294893
  0.048910	 -0.015432	  0.008597	 -0.045610	 -0.055294	  0.072651	 -0.000957	  0.039149	  0.084685	  0.035847	  0.155268	  0.246194	  0.345228
  0.044016	 -0.021106	  0.041584	 -0.074601	 -0.046348	  0.069626	  0.010659	  0.065302	  0.048978	  0.058506	  0.179034	  0.278152	  0.381106
  0.054914	 -0.053512	  0.025593	 -0.052711	 -0.034531	  0.046468	  0.010470	  0.045868	  0.056032	  0.064816	  0.192051	  0.341026	  0.427299
  0.047416	 -0.045366	  0.040737	 -0.047270	 -0.015977	  0.033713	  0.021968	  0.020596	  0.058831	  0.088916	  0.244710	  0.362823	  0.474896
  0.041709	 -0.034989	  0.033284	 -0.030783	 -0.044216	  0.030274	 -0.012530	  0.036364	  0.069172	  0.127465	  0.295915	  0.459905	  0.490771
  0.066678	 -0.047793	  0.034791	 -0.035698	 -0.027642	  0.021762	  0.000057	  0.042749	  0.095939	  0.185564	  0.353030	  0.503241	  0.478960
  0.037718	 -0.042503	  0.065028	 -0.015937	 -0.011664	  0.034564	  0.030541	  0.039951	  0.119812	  0.237978	  0.426270	  0.514754	  0.473571
  0.057966	 -0.012472	  0.066218	 -0.022198	 -0.032637	  0.039295	  0.008683	  0.060956	  0.171873	  0.323614	  0.503249	  0.559359	  0.454378
  0.067619	 -0.024632	  0.078133	 -0.040441	 -0.039363	  0.042033	  0.020016	  0.110825	  0.242717	  0.419159	  0.554330	  0.566251	  0.439484
  0.050134	 -0.014642	  0.067186	 -0.040336	 -0.037676	  0.089114	  0.065891	  0.182540	  0.321220	  0.496907	  0.587367	  0.571196	  0.398234
  0.027219	 -0.028242	  0.046162	 -0.042609	 -0.014748	  0.114572	  0.099438	  0.224772	  0.389567	  0.534345	  0.599349	  0.534512	  0.340797
  0.047983	 -0.049325	  0.039497	 -0.068205	  0.008249	  0.136395	  0.146746	  0.295136	  0.469470	  0.555581	  0.570930	  0.457317	  0.280593
  0.063538	 -0.036197	  0.067407	 -0.060553	  0.025659	  0.153210	  0.203749	  0.350507	  0.508229	  0.558480	  0.537551	  0.368489	  0.175305
  0.075706	  0.001075	  0.083352	 -0.020127	  0.030181	  0.184555	  0.240301	  0.406871	  0.552278	  0.536260	  0.442649	  0.242415	  0.034816
  0.075640	 -0.016385	  0.087541	  0.016361	  0.062485	  0.210658	  0.269100	  0.474630	  0.570098	  0.475925	  0.334237	  0.107815	 -0.087643
  0.073778	 -0.023462	  0.061313	  0.022612	  0.072446	  0.252240	  0.322388	  0.510619	  0.522865	  0.379687	  0.224804	 -0.022028	 -0.204301
  0.054343	 -0.043512	  0.017124	 -0.006139	  0.092030	  0.261712	  0.343250	  0.496870	  0.426894	  0.252453	  0.122723	 -0.159818	 -0.319739
  0.057707	 -0.042147	  0.016322	  0.030557	  0.090665	  0.259671	  0.330622	  0.430424	  0.342354	  0.119625	 -0.045342	 -0.261733	 -0.426200
  0.073370	 -0.019114	  0.056936	  0.061685	  0.128112	  0.281498	  0.325245	  0.356354	  0.232863	 -0.033436	 -0.129760	 -0.372178	 -0.490220
  0.078644	 -0.014622	  0.059124	  0.090282	  0.139973	  0.262047	  0.275780	  0.324680	  0.106868	 -0.168440	 -0.249148	 -0.450870	 -0.554029
  0.083611	 -0.004199	  0.079310	  0.092443	  0.135473	  0.252177	  0.251081	  0.242503	 -0.008064	 -0.292954	 -0.367796	 -0.493972	 -0.567645
  0.076417	 -0.002869	  0.070819	  0.069190	  0.109867	  0.228589	  0.160558	  0.118960	 -0.147453	 -0.381294	 -0.451386	 -0.557980	 -0.557548
  0.090352	 -0.001471	  0.089593	  0.067427	  0.059176	  0.202390	  0.109354	 -0.002045	 -0.277015	 -0.472323	 -0.486549	 -0.562628	 -0.541532
  0.074790	  0.008061	  0.102622	  0.051906	  0.052033	  0.165087	  0.047172	 -0.111723	 -0.374032	 -0.520216	 -0.518228	 -0.571515	 -0.513718
  0.091474	  0.000144	  0.060755	  0.020219	  0.000392	  0.090642	 -0.036470	 -0.198354	 -0.463178	 -0.551200	 -0.504655	 -0.544840	 -0.469075
  0.064221	 -0.011165	  0.059821	  0.007242	 -0.018860	  0.035015	 -0.115941	 -0.274026	 -0.503959	 -0.571697	 -0.494503	 -0.489919	 -0.404387
  0.075962	 -0.012166	  0.057871	 -0.016181	 -0.045242	 -0.005478	 -0.222039	 -0.364039	 -0.519722	 -0.581139	 -0.466561	 -0.404524	 -0.347134
  0.075911	 -0.015102	  0.029367	 -0.025687	 -0.097279	 -0.053774	 -0.276037	 -0.395643	 -0.521420	 -0.575698	 -0.427133	 -0.357344	 -0.239487
  0.070210	  0.006533	 -0.000509	 -0.034593	 -0.123500	 -0.116017	 -0.328130	 -0.434780	 -0.505474	 -0.518486	 -0.355723	 -0.275873	 -0.138131
  0.055048	 -0.005710	 -0.004708	 -0.050263	 -0.154736	 -0.166675	 -0.342170	 -0.423186	 -0.462804	 -0.426701	 -0.287269	 -0.217483	 -0.038508
  0.053626	 -0.013695	  0.005159	 -0.066350	 -0.195972	 -0.191855	 -0.337845	 -0.381657	 -0.439275	 -0.344230	 -0.203242	 -0.128034	 -0.000160
  0.063284	 -0.023415	 -0.012719	 -0.115769	 -0.208131	 -0.194330	 -0.312793	 -0.360613	 -0.360017	 -0.221565	 -0.138975	 -0.050435	  0.012212
  0.082386	  0.000641	 -0.036072	 -0.155167	 -0.202197	 -0.175524	 -0.294811	 -0.310978	 -0.254241	 -0.126183	 -0.072887	 -0.024501	  0.015159
  0.073124	 -0.026733	 -0.062701	 -0.117532	 -0.182980	 -0.159798	 -0.278496	 -0.239217	 -0.150851	 -0.073253	 -0.026289	 -0.016961	  0.004115
  0.067688	 -0.012217	 -0.068700	 -0.115938	 -0.160914	 -0.168855	 -0.235059	 -0.135699	 -0.044088	 -0.047179	 -0.004986	 -0.067010	  0.029126
  0.077763	 -0.031745	 -0.081949	 -0.118770	 -0.158573	 -0.158342	 -0.159664	 -0.027521	  0.016704	 -0.069082	  0.009886	 -0.056773	  0.030999
  0.067130	 -0.035648	 -0.100082	 -0.109376	 -0.136829	 -0.102392	 -0.095727	  0.048117	  0.023418	 -0.065373	 -0.003362	 -0.021172	  0.063983
  0.084365	 -0.048301	 -0.077954	 -0.120891	 -0.092421	 -0.063416	 -0.029033	  0.084851	  0.012180	 -0.067461	 -0.002719	 -0.009818	  0.113308
  0.080578	 -0.054150	 -0.074064	 -0.069401	 -0.082067	 -0.031604	  0.003100	  0.112524	  0.000252	 -0.057063	 -0.020245	  0.009755	  0.096091
  0.081773	 -0.044542	 -0.093288	 -0.061526	 -0.044472	 -0.004881	  0.060598	  0.121699	 -0.028743	 -0.034963	  0.004366	  0.030610	  0.087940
  0.093393	 -0.060271	 -0.064418	 -0.028176	 -0.009925	  0.026912	  0.054957	  0.071039	 -0.053891	 -0.029022	  0.042533	  0.037378	  0.072419
  0.116687	 -0.041323	 -0.075169	 -0.037061	 -0.004655	  0.061956	  0.051512	  0.050346	 -0.049623	 -0.001054	  0.072318	  0.064813	  0.063997
  0.128604	 -0.030952	 -0.048337	  0.004572	  0.027062	  0.030390	  0.050358	  0.016364	  0.006533	  0.038836	  0.107435	  0.058989	  0.087957
  0.124871	 -0.031123	 -0.042545	  0.058084	  0.018948	  0.027812	  0.012653	  0.000519	  0.028315	  0.075477	  0.117609	  0.088280	  0.050635
  0.097465	 -0.013064	 -0.054280	  0.037011	  0.010291	  0.022299	  0.025999	 -0.010005	  0.054469	  0.114908	  0.115539	  0.060721	  0.032026
  0.067079	 -0.010262	 -0.013132	  0.056849	  0.012947	  0.016620	  0.033400	  0.034395	  0.063365	  0.132260	  0.128897	  0.081357	 -0.016714
  0.081752	 -0.016731	  0.002508	  0.028545	  0.024217	  0.028313	  0.051474	  0.067213	  0.060062	  0.145792	  0.142359	  0.048935	 -0.069704
  0.096598	  0.003414	  0.026582	  0.044470	  0.020134	  0.029390	  0.072419	  0.100701	  0.095202	  0.134778	  0.117415	  0.030196	 -0.128677
  0.073396	  0.027420	  0.035577	  0.008349	  0.014643	  0.056925	  0.068662	  0.132158	  0.124656	  0.137087	  0.085737	 -0.000577	 -0.204924
  0.081108	  0.038782	  0.042024	 -0.024709	  0.033123	  0.067834	  0.067817	  0.157865	  0.131053	  0.119109	  0.009945	 -0.072991	 -0.211562
  0.096148	  0.020526	  0.025410	 -0.013704	  0.048781	  0.109819	  0.058624	  0.145688	  0.143688	  0.113415	 -0.044257	 -0.108793	 -0.265754
  0.108487	  0.023825	  0.000239	  0.002013	  0.050116	  0.104092	  0.061046	  0.138680	  0.154826	  0.060693	 -0.098271	 -0.195799	 -0.329280
  0.099047	  0.063761	 -0.006181	 -0.007552	  0.040672	  0.100625	  0.055343	  0.122558	  0.124698	  0.019155	 -0.156645	 -0.213574	 -0.396460
  0.077377	  0.024278	 -0.013737	  0.004509	  0.041595	  0.097246	  0.042134	  0.113042	  0.088187	 -0.043959	 -0.207778	 -0.252544	 -0.436780
  0.057795	  0.011446	 -0.011342	  0.012359	  0.057941	  0.068273	  0.007258	  0.131774	  0.051073	 -0.098630	 -0.254058	 -0.301582	 -0.470514
  0.073287	  0.036495	  0.011022	  0.024522	  0.062888	  0.038413	 -0.000973	  0.087435	 -0.016287	 -0.147802	 -0.294026	 -0.341183	 -0.483177
  0.067962	  0.027388	 -0.010999	  0.009525	  0.075501	  0.063633	 -0.000190	  0.039953	 -0.058561	 -0.207178	 -0.328843	 -0.371964	 -0.488966
  0.078451	  0.006413	 -0.008491	  0.042076	  0.049496	  0.063882	 -0.006659	 -0.013355	 -0.114150	 -0.268854	 -0.329090	 -0.365692	 -0.486881
  0.068500	  0.012936	 -0.005479	  0.027420	  0.042629	  0.057506	 -0.018885	 -0.036269	 -0.171823	 -0.300818	 -0.327312	 -0.371096	 -0.465006
  0.061405	  0.001606	 -0.020709	 -0.012090	  0.059358	  0.026011	 -0.026870	 -0.066139	 -0.202915	 -0.322437	 -0.355636	 -0.399306	 -0.509148
  0.079989	  0.014159	 -0.015700	 -0.007130	  0.047363	  0.023427	 -0.074218	 -0.123289	 -0.243723	 -0.352772	 -0.334565	 -0.403092	 -0.481193
  0.071147	  0.016617	  0.004420	 -0.033919	  0.041773	  0.005753	 -0.114719	 -0.133100	 -0.233250	 -0.327955	 -0.311383	 -0.385283	 -0.481343
  0.069237	  0.003585	 -0.022556	 -0.036719	  0.012496	 -0.006893	 -0.134691	 -0.167082	 -0.235523	 -0.329626	 -0.314723	 -0.373180	 -0.435246
  0.073270	  0.024627	 -0.024764	 -0.022484	 -0.015635	 -0.018842	 -0.139541	 -0.194726	 -0.251896	 -0.304142	 -0.326162	 -0.373836	 -0.427894
  0.077566	  0.019023	 -0.004628	 -0.034132	 -0.041218	 -0.006881	 -0.174966	 -0.175341	 -0.225179	 -0.307438	 -0.338754	 -0.382810	 -0.395827
  0.095562	  0.017886	 -0.039654	 -0.061789	 -0.029505	 -0.028160	 -0.170709	 -0.179474	 -0.188982	 -0.317778	 -0.359975	 -0.373996	 -0.407928
  0.086453	  0.018371	 -0.021450	 -0.073912	  0.005202	 -0.059628	 -0.189539	 -0.188703	 -0.186430	 -0.297315	 -0.360145	 -0.377968	 -0.366522
  0.071084	  0.044862	 -0.019514	 -0.084572	 -0.022283	 -0.045797	 -0.161795	 -0.188908	 -0.245076	 -0.316111	 -0.371801	 -0.353203	 -0.309985
  0.055177	  0.008562	 -0.038222	 -0.088798	 -0.060797	 -0.051277	 -0.149783	 -0.199662	 -0.237184	 -0.326189	 -0.386494	 -0.316101	 -0.305668
  0.069599	  0.027652	 -0.054968	 -0.071076	 -0.062747	 -0.062878	 -0.155338	 -0.208993	 -0.229253	 -0.318730	 -0.359468	 -0.291733	 -0.245955
  0.066834	  0.033250	 -0.059233	 -0.079279	 -0.069570	 -0.052164	 -0.161762	 -0.198946	 -0.231398	 -0.292019	 -0.319377	 -0.241121	 -0.179314
  0.036800	  0.030108	 -0.070257	 -0.073831	 -0.064889	 -0.020492	 -0.185803	 -0.188881	 -0.216309	 -0.310744	 -0.280592	 -0.222521	 -0.136056
  0.054049	  0.023923	 -0.051519	 -0.095206	 -0.046333	 -0.017348	 -0.179872	 -0.186017	 -0.201236	 -0.283633	 -0.222417	 -0.180350	 -0.075678
  0.038839	  0.009118	 -0.049366	 -0.083863	 -0.064861	 -0.025367	 -0.184342	 -0.162546	 -0.211375	 -0.212791	 -0.218627	 -0.141659	 -0.033745
  0.040391	  0.018705	 -0.059318	 -0.069210	 -0.054381	 -0.022611	 -0.193755	 -0.167815	 -0.213496	 -0.207383	 -0.160428	 -0.100569	  0.005420
  0.051859	  0.024391	 -0.066198	 -0.037566	 -0.032851	 -0.016332	 -0.186244	 -0.187464	 -0.201628	 -0.195706	 -0.127220	 -0.065303	  0.041781
  0.048060	  0.026438	 -0.026723	 -0.054704	 -0.028515	  0.000489	 -0.166229	 -0.163918	 -0.152187	 -0.158391	 -0.097696	 -0.006698	  0.087990
  0.057496	  0.029474	 -0.042102	 -0.028315	 -0.026146	 -0.017784	 -0.178576	 -0.170058	 -0.114042	 -0.128696	 -0.054501	  0.051202	  0.112713
  0.057465	  0.031091	 -0.057617	 -0.033126	 -0.019692	  0.002486	 -0.165892	 -0.152074	 -0.077049	 -0.074658	 -0.009841	  0.037929	  0.128943
  0.054352	  0.036402	 -0.041901	 -0.024446	 -0.054672	 -0.006620	 -0.136787	 -0.121582	 -0.040611	 -0.031362	  0.052597	  0.109460	  0.146073
  0.065965	  0.029292	 -0.035857	 -0.004968	 -0.062451	 -0.008146	 -0.134257	 -0.085000	 -0.037257	 -0.008486	  0.087382	  0.143787	  0.142654
  0.068131	  0.016606	 -0.021585	 -0.041651	 -0.049118	  0.001306	 -0.110223	 -0.050926	 -0.005028	  0.000130	  0.115368	  0.115975	  0.132169
  0.099248	  0.047133	 -0.027478	 -0.054228	 -0.032925	 -0.013383	 -0.089054	 -0.040150	  0.025475	  0.039156	  0.141331	  0.117071	  0.129861
  0.103128	  0.071040	 -0.027407	 -0.058452	 -0.037840	  0.017844	 -0.060036	 -0.028270	  0.033032	  0.089621	  0.139942	  0.126107	  0.104236
  0.096677	  0.072278	 -0.030448	 -0.032490	 -0.013782	  0.029327	 -0.040700	  0.010784	  0.042155	  0.106181	  0.172461	  0.099861	  0.099316
  0.097282	  0.053085	  0.016213	 -0.028852	 -0.018990	  0.021697	 -0.050206	  0.027001	  0.084016	  0.131295	  0.169272	  0.070610	  0.094843
  0.063965	  0.058810	  0.014077	 -0.047049	 -0.036900	  0.046534	 -0.014279	  0.047574	  0.083440	  0.129011	  0.138165	  0.074852	  0.094607
  0.061671	  0.033036	 -0.021453	 -0.032222	 -0.011898	  0.040883	  0.001067	  0.056395	  0.112950	  0.128907	  0.110276	  0.082836	  0.054382
  0.084794	  0.026612	 -0.020829	 -0.034620	 -0.013472	  0.075394	  0.044083	  0.053973	  0.113793	  0.141850	  0.101153	  0.067086	  0.006696
  0.035479	  0.042559	 -0.029603	 -0.001400	  0.030981	  0.065063	  0.044620	  0.069122	  0.112915	  0.106030	  0.098036	  0.036146	  0.022814
  0.051761	  0.033857	 -0.016657	 -0.005278	  0.034610	  0.059588	  0.022271	  0.114083	  0.114127	  0.086300	  0.088241	  0.040060	 -0.015371
  0.081319	  0.044056	 -0.024157	 -0.014913	  0.031361	  0.086664	  0.039586	  0.108023	  0.102325	  0.081303	  0.061541	  0.035791	 -0.031912
  0.045809	  0.040072	 -0.032892	 -0.010098	  0.042692	  0.089312	  0.042874	  0.118249	  0.105399	  0.071251	  0.032014	  0.010054	 -0.035858
  0.062948	  0.031825	 -0.029944	  0.037559	  0.056144	  0.104473	  0.020365	  0.121447	  0.090320	  0.086130	  0.025087	  0.022020	 -0.028574
  0.066361	  0.035451	 -0.009907	  0.025936	  0.037219	  0.088899	  0.058329	  0.128341	  0.077467	  0.067951	  0.006060	 -0.013674	 -0.037798
  0.043486	  0.046983	 -0.017490	  0.036539	  0.039325	  0.085083	  0.080789	  0.115209	  0.078967	  0.039825	 -0.014450	 -0.021282	 -0.020869
  0.068342	  0.041132	 -0.001288	  0.036318	  0.029802	  0.076504	  0.069708	  0.095916	  0.075011	  0.023147	 -0.022822	 -0.005922	 -0.019213
  0.065144	  0.040060	 -0.001129	 -0.015724	  0.041791	  0.058505	  0.070884	  0.074352	  0.039244	  0.017479	 -0.003922	 -0.006239	 -0.053563
  0.053641	  0.043560	 -0.015033	  0.003814	  0.070817	  0.091421	  0.075137	  0.051352	  0.028374	  0.026853	 -0.005075	 -0.026724	 -0.021837
  0.069440	  0.052282	 -0.025524	  0.021640	  0.067239	  0.110456	  0.075990	  0.042378	  0.037249	  0.002574	 -0.030264	 -0.034748	  0.020766
  0.078772	  0.047990	 -0.035361	  0.013294	  0.066796	  0.087021	  0.085209	  0.046305	  0.004185	  0.001538	 -0.058324	 -0.007271	 -0.001034
  0.090984	  0.028772	 -0.032137	  0.025444	  0.061431	  0.083944	  0.046017	  0.023045	  0.002708	 -0.010286	 -0.035663	  0.029743	 -0.004533
  0.079160	  0.023594	 -0.004759	  0.024634	  0.075988	  0.078861	  0.041221	  0.002293	  0.009868	  0.013126	 -0.004549	  0.042927	  0.017650
  0.080129	  0.038133	 -0.008579	  0.011103	  0.074370	  0.078527	  0.044221	  0.024117	 -0.009467	  0.026336	  0.000141	  0.067984	  0.027077
  0.049008	  0.027622	  0.003483	  0.045351	  0.079972	  0.080764	  0.009025	  0.028860	 -0.015899	 -0.017909	 -0.006977	  0.046450	  0.058671
  0.061540	  0.045584	  0.007387	  0.027054	  0.094772	  0.082938	 -0.018101	  0.008555	 -0.024314	 -0.008770	 -0.014681	  0.079858	  0.079901
  0.077737	  0.029897	 -0.002737	  0.038691	  0.086218	  0.078109	 -0.008789	  0.011802	 -0.042622	 -0.011003	  0.015031	  0.089453	  0.065248
  0.074233	  0.011506	 -0.000531	  0.054209	  0.107325	  0.063462	 -0.025889	  0.004442	 -0.021154	 -0.007890	  0.050316	  0.089600	  0.048748
  0.066691	  0.011082	 -0.003437	  0.044555	  0.090559	  0.068380	 -0.023788	  0.003426	 -0.007546	  0.037778	  0.085779	  0.084774	  0.050429
  0.065307	  0.045143	 -0.030699	  0.051781	  0.057218	  0.085138	 -0.019142	  0.001804	 -0.011842	  0.014752	  0.104297	  0.111342	  0.047173
  0.066462	  0.051966	 -0.030325	  0.048210	  0.043337	  0.074098	 -0.037231	 -0.007505	 -0.047077	  0.001192	  0.097265	  0.115033	  0.055936
  0.063398	  0.038524	  0.003213	  0.055939	  0.050337	  0.072611	 -0.023452	 -0.001949	 -0.012160	  0.025058	  0.096552	  0.081940	  0.072021
  0.074062	  0.037951	 -0.016011	  0.023003	  0.052470	  0.092662	 -0.002150	  0.017363	 -0.005328	  0.039871	  0.079097	  0.082344	  0.115275
  0.058581	  0.012874	 -0.029625	  0.011221	  0.046211	  0.105912	 -0.017193	  0.000943	 -0.009214	  0.033255	  0.082463	  0.073754	  0.104128
  0.039307	  0.032624	 -0.030875	 -0.000608	  0.059677	  0.067980	 -0.017645	 -0.011719	  0.003069	  0.043141	  0.090291	  0.079093	  0.089849
  0.025743	  0.023707	 -0.034730	  0.008294	  0.049954	  0.064025	 -0.012938	  0.012139	 -0.003950	  0.059943	  0.083100	  0.089918	  0.061150
  0.053658	  0.035170	 -0.044527	  0.015457	  0.052089	  0.060924	  0.015713	  0.019602	  0.012009	  0.034134	  0.106971	  0.098124	  0.075850
  0.058542	  0.012688	 -0.050135	  0.003209	  0.035057	  0.083033	  0.014319	 -0.003965	  0.019920	  0.052372	  0.091695	  0.077725	  0.081286
  0.040881	 -0.009103	 -0.041687	  0.021603	  0.027670	  0.077285	 -0.001102	 -0.008021	  0.047681	  0.027563	  0.058721	  0.057910	  0.078930
  0.041682	  0.012643	 -0.013113	  0.020100	  0.045589	  0.078135	  0.000217	  0.010619	  0.047372	  0.023024	  0.056631	  0.079001	  0.063772
  0.057745	 -0.003372	 -0.000858	 -0.009872	  0.051939	  0.042354	 -0.014613	  0.021321	  0.049910	  0.041171	  0.080938	  0.052018	  0.074593
  0.039831	  0.008305	 -0.022145	  0.019014	  0.048462	  0.042189	 -0.020075	  0.041054	  0.041397	  0.062505	  0.073696	  0.053848	  0.065233
  0.032983	  0.036320	  0.016832	  0.033975	  0.038208	  0.034871	  0.002430	  0.066246	  0.019318	  0.060555	  0.064696	  0.049426	  0.072037
  0.046642	  0.023790	  0.008115	  0.033281	  0.034877	  0.067434	  0.008025	  0.053159	  0.043794	  0.056036	  0.046648	  0.015791	  0.061678
  0.047725	  0.024658	  0.000626	  0.046202	  0.066077	  0.055818	  0.012136	  0.058855	  0.033992	  0.031917	  0.047479	  0.040214	  0.060627
  0.023161	  0.021605	 -0.001545	  0.023699	  0.053558	  0.063088	  0.009787	  0.071160	  0.010804	  0.003014	  0.039417	  0.062964	  0.070606
  0.033301	  0.012688	  0.001805	  0.032961	  0.059423	  0.065546	 -0.008142	  0.044936	  0.001894	 -0.010381	  0.039142	  0.050485	  0.062663
  0.045031	  0.026830	  0.007715	  0.040378	  0.048121	  0.060488	 -0.001703	  0.045495	 -0.006350	  0.000844	  0.038702	  0.051613	  0.064933
  0.049349	  0.031954	  0.013497	  0.044111	  0.022555	  0.062574	 -0.011582	  0.067445	 -0.020096	 -0.008847	  0.038602	  0.058021	  0.043257
  0.099801	  0.041873	 -0.007175	  0.073092	  0.031899	  0.040406	 -0.008605	  0.057764	 -0.017205	 -0.001681	  0.018094	  0.049967	  0.054230
  0.098508	  0.023960	  0.013049	  0.068128	  0.036892	  0.062579	  0.013330	  0.050614	  0.002227	 -0.004639	  0.009532	  0.044380	  0.015596
  0.100833	  0.024069	  0.029939	  0.054396	  0.027556	  0.068343	  0.003265	  0.087639	 -0.006271	 -0.004823	  0.021897	  0.036201	  0.024549
  0.089906	  0.000657	  0.017109	  0.036081	  0.028773	  0.083079	 -0.012451	  0.071804	  0.009999	  0.013588	  0.013037	  0.056979	  0.022287
  0.068099	  0.016553	  0.037146	  0.006356	  0.024062	  0.089319	 -0.029007	  0.057017	 -0.019892	 -0.031475	  0.018558	  0.037803	  0.023892
  0.051593	  0.010103	  0.020317	  0.047819	  0.028818	  0.071009	 -0.043593	  0.056988	 -0.024932	 -0.029096	  0.015118	  0.036705	  0.042756
  0.051570	 -0.002678	  0.033189	  0.040303	  0.029530	  0.059238	 -0.051865	  0.024980	  0.008441	 -0.003616	  0.005417	  0.046757	 -0.000859
  0.060095	  0.006670	  0.067911	  0.027509	  0.027684	  0.053231	 -0.042957	  0.026115	  0.002792	  0.014795	  0.004696	  0.042390	  0.003032
  0.048159	 -0.021510	  0.060836	  0.030118	  0.031410	  0.054840	 -0.050148	  0.017213	  0.002307	  0.014251	  0.003285	  0.024531	  0.027140
  0.055479	 -0.009183	  0.027906	  0.031345	  0.007152	  0.044477	 -0.064258	  0.021108	 -0.001078	  0.006487	  0.018802	 -0.016840	  0.028557
  0.054754	  0.001523	  0.045560	  0.039931	  0.021009	  0.060394	 -0.038478	  0.025043	  0.011706	 -0.006474	  0.004645	 -0.001322	  0.005620
  0.049102	  0.015237	  0.029914	  0.006161	  0.027582	  0.064990	 -0.040161	  0.025883	  0.011090	 -0.021999	  0.023126	  0.039793	  0.000657
  0.053432	  0.003320	  0.022348	  0.010705	  0.007846	  0.056188	 -0.013400	  0.023733	  0.002996	 -0.015839	  0.022539	  0.011323	 -0.022226
  0.043517	  0.012580	  0.034596	  0.014516	  0.000708	  0.048160	 -0.021730	  0.009292	 -0.005418	 -0.026140	  0.006544	 -0.000226	 -0.005596
  0.009165	  0.038090	  0.021224	  0.007962	 -0.005577	  0.064132	 -0.035072	  0.013737	  0.001536	  0.012998	  0.017146	  0.005641	 -0.022416
 -0.001097	  0.035691	  0.030079	 -0.001501	 -0.009585	  0.063660	 -0.021146	  0.012801	 -0.001556	  0.042403	 -0.012690	 -0.041990	 -0.019029
  0.009103	  0.028550	  0.031041	  0.010267	  0.002961	  0.082088	 -0.010497	  0.012647	 -0.009051	  0.015195	 -0.002072	 -0.024720	 -0.004013
 -0.000150	 -0.034092	  0.008216	  0.003955	  0.005414	  0.060780	 -0.010292	 -0.039494	 -0.058565	 -0.017285	 -0.032427	  0.000944	 -0.002095
 -0.011467	 -0.035984	  0.033302	  0.006294	  0.009549	  0.048469	 -0.019697	 -0.021259	 -0.028635	 -0.016537	 -0.028081	 -0.001360	  0.018078
 -0.029304	 -0.036055	  0.038675	  0.007292	  0.018151	  0.040270	 -0.004141	 -0.006472	 -0.016756	 -0.030745	 -0.010833	 -0.018215	  0.017809
 -0.037201	 -0.003793	  0.021898	  0.005200	  0.017055	  0.014279	 -0.014320	 -0.008788	 -0.032324	  0.009587	  0.005401	 -0.006354	  0.018083
 -0.039129	  0.018017	  0.001751	  0.006542	  0.011336	  0.029420	 -0.038694	  0.006092	  0.000690	  0.013423	  0.001848	 -0.031914	  0.030115
 -0.006524	  0.010577	  0.006508	  0.033829	 -0.009471	  0.002303	 -0.033452	  0.013600	  0.007725	 -0.006023	 -0.003251	 -0.027298	  0.011692
 -0.002013	  0.014636	 -0.001418	  0.016362	  0.001161	  0.006104	 -0.010909	  0.012005	  0.007706	  0.016826	 -0.004101	  0.003530	  0.009444
 -0.017939	 -0.020942	 -0.009563	  0.001675	  0.014503	  0.014959	 -0.014207	 -0.001636	  0.042775	  0.016724	  0.011063	  0.004903	 -0.004756
 -0.034755	 -0.026564	 -0.003079	 -0.013050	  0.007925	  0.009212	  0.005690	  0.007223	  0.016373	  0.023964	  0.026621	  0.020117	 -0.023479
 -0.024477	  0.002385	 -0.009521	  0.015606	  0.013096	 -0.008516	 -0.016394	  0.000229	 -0.000345	  0.010700	  0.003675	  0.021706	 -0.032159
 -0.023238	 -0.001703	 -0.000107	  0.002504	 -0.002266	 -0.027706	 -0.008530	  0.006670	  0.013692	 -0.023495	  0.012815	  0.031228	 -0.011883
  0.011248	 -0.005221	  0.004588	 -0.007802	 -0.019382	 -0.033073	 -0.002610	 -0.001615	  0.008143	 -0.018515	  0.002334	  0.031109	  0.013859
  0.028025	  0.011998	  0.000736	 -0.038473	 -0.043699	 -0.047137	  0.000971	  0.002879	  0.008326	 -0.011061	 -0.018157	  0.024742	 -0.002318
  0.005981	  0.000634	  0.005332	 -0.042121	 -0.018180	 -0.025119	  0.017337	  0.000958	 -0.002653	  0.024376	 -0.035514	  0.004428	 -0.003320
  0.041499	 -0.017127	 -0.009275	 -0.035706	  0.019553	 -0.037582	  0.013816	 -0.018582	 -0.013719	  0.019940	  0.007981	  0.004369	  0.002055
  0.009675	  0.038074	 -0.004965	 -0.007972	  0.010611	 -0.014836	  0.032358	 -0.013080	 -0.002011	 -0.012150	  0.020829	  0.006906	 -0.009364
 -0.001407	  0.029203	 -0.025031	  0.013269	  0.006127	 -0.009683	  0.028763	  0.014576	  0.010677	  0.014096	  0.024085	  0.016704	 -0.014307
  0.037582	  0.017432	 -0.029203	  0.002010	 -0.003550	 -0.029159	  0.029938	  0.020266	  0.015096	 -0.012470	  0.039229	 -0.011487	 -0.013376
  0.039752	  0.006064	 -0.016722	  0.010756	 -0.022952	 -0.004144	  0.019024	  0.016804	  0.015096	 -0.020345	  0.002959	 -0.029889	 -0.003844
  0.053842	  0.032461	 -0.012123	  0.019831	 -0.014980	  0.011160	  0.025350	  0.009624	  0.008710	  0.018989	 -0.026477	 -0.044168	 -0.000235
  0.052919	  0.001126	 -0.007904	  0.030234	 -0.011736	  0.024277	  0.029061	  0.000211	  0.038658	 -0.003377	 -0.035307	 -0.004405	 -0.002316
  0.080249	 -0.005639	 -0.004121	  0.031830	 -0.021908	 -0.008861	  0.007808	 -0.002836	  0.030553	  0.003105	 -0.049421	 -0.016251	  0.040125
  0.051548	 -0.023107	 -0.021449	  0.031134	 -0.013381	 -0.011281	  0.017850	 -0.009039	  0.041159	 -0.004762	 -0.029964	  0.011024	  0.017449
  0.035959	 -0.018838	 -0.015465	  0.032311	 -0.012419	 -0.019163	  0.032681	 -0.013917	  0.038747	 -0.036643	 -0.038710	  0.010537	 -0.005341
  0.039902	  0.008141	 -0.018432	  0.053809	 -0.027175	 -0.042432	  0.036111	 -0.018762	  0.033920	 -0.044767	 -0.070698	  0.025560	  0.011063
  0.021897	  0.014766	  0.001440	  0.050590	 -0.042143	 -0.029466	  0.021728	 -0.034112	  0.048647	 -0.027419	 -0.038841	  0.027174	  0.006446
  0.039501	 -0.017652	 -0.010549	  0.056515	  0.010300	 -0.014942	  0.036156	 -0.068294	  0.042851	 -0.001990	 -0.027759	  0.024694	  0.021247
  0.039083	 -0.004145	  0.001689	  0.044691	 -0.020324	 -0.005298	  0.074965	 -0.043951	  0.052537	 -0.003794	 -0.025811	  0.021093	  0.005917
  0.069364	  0.015400	 -0.000213	  0.055725	 -0.031522	 -0.003195	  0.067451	 -0.049089	  0.072876	 -0.018972	 -0.041025	  0.017703	  0.009042
  0.054903	 -0.014580	 -0.006413	  0.053620	 -0.031532	 -0.024729	  0.041593	 -0.031884	  0.050175	 -0.027589	 -0.036927	  0.007036	  0.002816
  0.037091	 -0.000819	 -0.019211	  0.069970	 -0.012563	 -0.020435	  0.024394	 -0.054520	  0.084015	 -0.040451	 -0.038577	  0.018459	 -0.015046
  0.049844	  0.029362	 -0.018361	  0.062588	 -0.033385	  0.000389	  0.018385	 -0.036095	  0.076999	 -0.051521	 -0.069906	  0.028814	 -0.000647
  0.052297	  0.048221	 -0.036162	  0.066069	 -0.054711	 -0.041326	  0.008661	 -0.030370	  0.067863	 -0.040161	 -0.071542	  0.036671	 -0.002001
  0.056438	  0.044448	 -0.052397	  0.103825	 -0.063384	 -0.060686	  0.018107	 -0.011637	  0.037764	 -0.031911	 -0.038178	  0.048402	 -0.011230
  0.071934	  0.051355	 -0.035559	  0.073508	 -0.067221	 -0.071873	  0.028676	  0.000786	  0.053497	 -0.018826	 -0.043498	  0.049470	 -0.001381
  0.050655	  0.022093	 -0.031882	  0.056693	 -0.061152	 -0.072273	  0.004447	 -0.032804	  0.063850	 -0.032645	 -0.030486	  0.053231	  0.003058
  0.067919	  0.022632	 -0.035581	  0.052290	 -0.060203	 -0.052371	  0.025391	 -0.016113	  0.062504	 -0.011708	 -0.037458	  0.055487	  0.021870
  0.046710	  0.057730	 -0.031433	  0.053604	 -0.054955	 -0.057016	  0.009850	 -0.009097	  0.044572	 -0.018330	 -0.020708	  0.045413	  0.020223
  0.058219	  0.077999	 -0.057422	  0.070965	 -0.040668	 -0.066835	  0.005058	 -0.018207	  0.047943	 -0.011165	 -0.038622	  0.032520	  0.004475
  0.050231	  0.065122	 -0.039021	  0.086766	 -0.009327	 -0.057999	  0.030769	 -0.008882	  0.053583	 -0.026715	 -0.051461	  0.015526	  0.013129
  0.021162	  0.079049	 -0.007900	  0.079545	 -0.011122	 -0.070136	  0.034251	 -0.032769	  0.049750	 -0.032850	 -0.023704	  0.025092	 -0.002399
  0.038791	  0.058610	 -0.025303	  0.064683	 -0.020656	 -0.051825	  0.013599	 -0.025249	  0.037577	 -0.013369	 -0.011149	  0.024046	  0.001847
  0.039251	  0.003909	 -0.004871	  0.042399	 -0.027297	 -0.014086	 -0.019045	 -0.007094	  0.000244	 -0.007105	 -0.015838	  0.023974	  0.003667
  0.041242	 -0.014491	 -0.018348	  0.031864	 -0.037974	 -0.030896	  0.001507	 -0.024769	  0.037331	 -0.017040	 -0.024458	  0.056470	 -0.007449
  0.013270	  0.011460	 -0.004940	  0.023120	 -0.014218	 -0.050736	  0.024598	 -0.049048	  0.050082	 -0.018003	 -0.028487	  0.054487	 -0.014143
  0.025812	  0.006264	 -0.022510	  0.022120	  0.007743	 -0.043982	  0.021277	 -0.049048	  0.081190	 -0.029570	 -0.036882	  0.040172	 -0.016965
  0.021540	  0.001438	 -0.013394	  0.044389	 -0.001565	 -0.039661	  0.027555	 -0.005902	  0.066550	 -0.041291	 -0.017908	  0.042901	  0.009805
  0.007002	  0.016789	 -0.014832	  0.065183	  0.006923	 -0.017848	 -0.001013	 -0.008190	  0.050950	 -0.042198	 -0.015137	  0.041676	  0.041900
  0.028088	  0.029275	 -0.015762	  0.074580	 -0.009635	 -0.028858	 -0.001893	  0.021429	  0.026759	 -0.045399	 -0.036795	  0.051824	  0.066779
  0.011310	  0.039236	 -0.012508	  0.080868	 -0.012905	 -0.023366	 -0.012388	 -0.027852	  0.021517	 -0.039877	 -0.015903	  0.037217	  0.081007
  0.016021	  0.039180	 -0.023558	  0.087190	 -0.004781	 -0.014295	 -0.005836	 -0.033134	  0.027407	 -0.065966	 -0.017211	  0.029879	  0.088660
  0.021955	  0.015006	 -0.020326	  0.058148	 -0.018707	  0.005301	 -0.009708	 -0.005781	  0.033396	 -0.062764	 -0.009893	  0.002206	  0.088739
 -0.029208	  0.024099	 -0.003284	  0.071079	 -0.015325	 -0.010696	 -0.036528	  0.010758	  0.004085	 -0.030093	 -0.030394	  0.005539	  0.090596
 -0.021421	  0.007081	  0.007589	  0.072010	 -0.014063	 -0.019788	 -0.037234	  0.035611	 -0.011835	 -0.049808	 -0.000149	  0.004259	  0.074883
 -0.027630	  0.009818	  0.014750	  0.072441	 -0.032274	 -0.033248	 -0.019386	  0.030436	 -0.005680	 -0.043850	  0.002769	 -0.005725	  0.062904
 -0.015608	  0.006909	  0.027512	  0.049838	 -0.026007	 -0.046158	  0.023654	  0.052898	 -0.006913	 -0.092172	 -0.014144	 -0.005624	  0.074122
  0.001905	  0.006337	  0.010356	  0.028496	 -0.052251	 -0.043927	  0.043916	  0.023804	 -0.013171	 -0.089274	  0.008039	 -0.004101	  0.069058
  0.017609	 -0.001673	  0.022833	  0.025160	 -0.055592	 -0.008555	  0.025746	 -0.004357	 -0.034936	 -0.063294	 -0.009782	  0.004927	  0.072786
  0.007468	  0.021283	  0.030973	  0.015576	 -0.039484	 -0.001419	  0.015933	  0.000751	 -0.008629	 -0.068208	  0.010924	 -0.008890	  0.051985
 -0.024849	  0.005740	  0.005560	  0.001549	 -0.020799	 -0.021059	  0.025141	 -0.009384	  0.010380	 -0.045861	  0.015831	  0.011820	  0.061756
  0.005109	  0.008047	  0.021713	  0.006096	 -0.006017	 -0.040556	  0.017849	 -0.021825	 -0.033403	 -0.008342	  0.026557	  0.018002	  0.070599
 -0.005931	  0.027106	  0.032369	  0.005474	  0.016300	 -0.034681	  0.037575	 -0.026525	 -0.049756	 -0.033781	  0.052969	  0.015527	  0.088660
  0.020446	  0.035378	  0.022598	  0.011318	  0.011994	 -0.017519	  0.028933	 -0.016037	 -0.021559	 -0.015656	  0.061005	  0.024005	  0.093704
  0.016172	  0.014297	  0.019740	  0.004197	  0.010408	 -0.015220	  0.021022	 -0.015921	 -0.040327	 -0.010380	  0.067453	  0.019882	  0.111086
 -0.003547	  0.010075	  0.015116	 -0.025739	 -0.010385	 -0.043288	  0.040569	 -0.005527	 -0.041051	 -0.000051	  0.064681	  0.022383	  0.104474
  0.018598	  0.020508	  0.021299	 -0.012197	 -0.014326	 -0.041499	  0.028343	  0.001566	 -0.030569	  0.007680	  0.024555	 -0.004107	  0.088121
  0.029410	  0.011107	  0.016073	 -0.020715	  0.007504	 -0.035426	  0.007949	  0.000025	 -0.041866	 -0.013067	  0.019370	 -0.020850	  0.067607
  0.030848	  0.028459	  0.024026	 -0.032468	 -0.001335	  0.000806	  0.015688	 -0.013221	 -0.030031	 -0.013611	  0.006646	 -0.051602	  0.048444
 -0.008980	  0.034738	  0.037007	 -0.043781	 -0.021076	 -0.018032	  0.016283	 -0.006666	 -0.034359	 -0.022486	 -0.004722	 -0.041627	  0.022509
  0.032306	  0.039709	  0.034361	 -0.014867	 -0.006203	 -0.024695	  0.021011	 -0.035973	 -0.032954	 -0.032724	  0.008610	 -0.032679	  0.043933
  0.044140	  0.024683	  0.066703	 -0.027333	 -0.014489	 -0.018842	  0.031584	 -0.008693	 -0.019788	 -0.024150	 -0.007503	 -0.012679	  0.092433
  0.022258	  0.017032	  0.040934	 -0.043813	 -0.034460	 -0.021080	  0.033233	  0.001537	  0.008656	 -0.039684	  0.010477	 -0.004332	  0.054263
  0.006292	  0.037084	  0.022562	 -0.021980	 -0.007281	 -0.038099	  0.041116	 -0.008789	  0.004406	 -0.022674	  0.032787	  0.007862	  0.071285
  0.061060	  0.047195	  0.029342	 -0.013222	  0.004475	 -0.040049	  0.054003	 -0.025793	  0.021939	 -0.017851	  0.040364	  0.004208	  0.055353
  0.060753	  0.058730	  0.037724	  0.001692	  0.001390	 -0.043276	  0.059985	 -0.028133	  0.038644	 -0.045526	 -0.002094	 -0.017650	  0.081648
  0.020394	  0.065848	  0.050171	 -0.014619	  0.010254	 -0.072232	  0.029432	 -0.007053	  0.009408	 -0.001588	 -0.031513	 -0.011821	  0.035138
  0.023792	  0.053542	  0.055760	 -0.015460	  0.023653	 -0.018650	  0.034460	 -0.003326	 -0.011421	 -0.008337	 -0.014855	  0.000821	  0.044857
  0.044585	  0.035874	  0.043850	  0.009757	  0.014569	 -0.018808	  0.053137	 -0.019860	 -0.002251	 -0.035267	 -0.000159	  0.015872	  0.059977
  0.076049	  0.051074	  0.034886	 -0.010934	 -0.012795	 -0.021105	  0.061874	 -0.025747	  0.011405	 -0.011191	  0.003882	  0.023590	  0.069393
  0.079310	  0.041213	  0.025357	  0.015241	 -0.007759	 -0.017276	  0.078961	 -0.027991	  0.024897	 -0.003093	  0.002981	  0.013079	  0.029816
  0.081104	  0.063056	  0.029136	  0.024409	 -0.025126	 -0.034572	  0.054665	  0.017264	  0.002699	  0.002932	  0.021444	 -0.009228	  0.010509
  0.092294	  0.060754	  0.010224	 -0.016241	  0.017514	 -0.059197	  0.046223	 -0.004091	  0.033322	 -0.007429	  0.008282	 -0.011157	  0.004439
  0.113828	  0.031235	  0.000051	 -0.017630	  0.030170	 -0.024920	  0.045350	 -0.020144	  0.005756	 -0.002376	 -0.009339	  0.001286	  0.018315
  0.083080	  0.053006	 -0.000200	  0.042132	  0.034262	 -0.003231	  0.049798	 -0.004547	  0.005362	 -0.020649	 -0.022904	 -0.003525	  0.022331
  0.065773	  0.069368	  0.023495	  0.041016	  0.001954	 -0.046783	  0.071556	 -0.002815	  0.015289	 -0.003743	  0.012389	  0.030096	  0.069292
  0.078658	  0.089635	  0.040913	  0.033827	  0.004683	 -0.055590	  0.077948	 -0.009641	  0.048742	 -0.009835	 -0.007792	  0.051446	  0.069957
  0.079086	  0.073589	  0.024452	  0.048186	  0.019502	 -0.047075	  0.046898	  0.021345	  0.063879	 -0.024499	 -0.032145	  0.017903	  0.064964
  0.079247	  0.069896	  0.000998	  0.019438	  0.005013	 -0.036083	  0.049703	  0.007122	  0.052100	 -0.074157	 -0.031491	 -0.013625	  0.062489
  0.092331	  0.045437	  0.000001	  0.024457	  0.033054	 -0.002506	  0.065362	  0.020814	  0.058207	 -0.077235	 -0.040535	 -0.017848	  0.031508
  0.077091	  0.037432	  0.025802	  0.046832	  0.025225	  0.020967	  0.051987	  0.034726	  0.047246	 -0.062963	 -0.035136	 -0.014584	  0.034697
  0.076401	  0.034467	  0.020334	  0.044062	  0.014620	  0.008941	  0.074163	  0.027939	  0.024284	 -0.051856	 -0.025999	  0.002550	  0.065777
  0.092086	  0.036877	  0.038594	  0.001988	  0.014817	 -0.014001	  0.063416	  0.052068	  0.012046	 -0.067256	 -0.018136	 -0.007693	  0.052935
  0.066875	  0.058650	  0.030327	  0.002911	  0.035341	 -0.013190	  0.056363	  0.014176	  0.012441	 -0.052322	 -0.005392	  0.018890	  0.043859
  0.068749	  0.081537	  0.013670	  0.012706	  0.015504	 -0.057705	  0.040127	 -0.011652	 -0.028153	 -0.039749	 -0.024488	  0.017060	  0.055011
  0.103845	  0.064498	  0.002549	  0.023275	  0.022698	 -0.034528	  0.046508	 -0.001719	 -0.000216	 -0.041501	 -0.045268	 -0.012035	  0.079747
  0.076701	  0.044683	 -0.006960	  0.012461	  0.050181	 -0.024211	  0.037906	 -0.002797	  0.006391	 -0.048184	 -0.055240	  0.011932	  0.052860
  0.084336	  0.043941	  0.003214	  0.010414	  0.049302	  0.005052	  0.046193	 -0.015050	 -0.004510	 -0.051111	 -0.030139	  0.029408	  0.070265
  0.069910	  0.027241	 -0.000021	  0.039863	  0.042305	  0.005618	  0.047009	  0.016952	  0.011808	 -0.057334	 -0.027179	  0.033291	  0.061736
  0.074051	  0.029212	 -0.017924	  0.035357	  0.047861	  0.013580	  0.022034	  0.022718	  0.014266	 -0.060888	 -0.029616	  0.041231	  0.082774
  0.067370	  0.005723	 -0.030045	  0.060008	  0.049513	 -0.023098	  0.008229	  0.033057	  0.021238	 -0.047942	 -0.001006	  0.003534	  0.080984
  0.066816	  0.015293	 -0.032907	  0.055749	  0.038638	 -0.017811	 -0.033851	  0.001318	  0.016060	 -0.020822	 -0.017350	 -0.006363	  0.037148
  0.065252	  0.011726	 -0.028240	  0.049863	  0.034390	 -0.004992	 -0.031870	  0.015554	  0.008746	 -0.035012	 -0.048877	  0.012206	  0.018046
  0.058063	  0.032626	 -0.012726	  0.036887	  0.055276	 -0.006263	 -0.008451	  0.000101	  0.005408	 -0.017077	 -0.026404	  0.028250	  0.032810
  0.062999	  0.037289	  0.001548	  0.053904	  0.048572	 -0.038514	 -0.009699	 -0.033117	 -0.021060	  0.003889	 -0.047964	 -0.000048	  0.070602
  0.065988	  0.024409	 -0.012627	  0.051474	  0.039333	 -0.017908	 -0.052272	 -0.005527	  0.005814	 -0.018091	 -0.055426	 -0.004778	  0.056312
  0.065891	  0.024144	 -0.026203	  0.037635	  0.056367	 -0.007423	 -0.053762	  0.016924	 -0.009221	 -0.011859	 -0.045754	 -0.022819	  0.035670
  0.060616	 -0.004582	 -0.023136	  0.039970	  0.053734	 -0.002559	 -0.071519	  0.009750	 -0.014963	 -0.010806	 -0.042271	 -0.001582	  0.016861
  0.062557	  0.015454	 -0.018501	  0.035954	  0.090029	 -0.017634	 -0.060601	  0.013045	  0.013509	 -0.021734	 -0.033111	  0.034062	  0.010144
  0.037604	  0.023375	 -0.010638	  0.020522	  0.056683	 -0.009430	 -0.055981	  0.020825	 -0.001081	 -0.034782	 -0.017945	  0.002308	  0.025512
  0.054748	  0.052781	 -0.003363	  0.043631	  0.061535	 -0.015762	 -0.039175	  0.019550	 -0.036882	 -0.010399	  0.002065	 -0.031901	  0.011590
  0.036795	  0.037742	 -0.013357	  0.066386	  0.089517	 -0.002916	 -0.051404	  0.016234	 -0.003316	 -0.040221	  0.005802	 -0.009537	  0.013844
  0.043794	  0.024209	 -0.013387	  0.073754	  0.092559	 -0.000303	 -0.057145	  0.027244	  0.011714	 -0.033764	  0.021305	  0.007979	  0.021430
  0.044949	  0.006759	 -0.022803	  0.056316	  0.077911	  0.000885	 -0.034405	  0.042378	 -0.016578	 -0.024196	  0.024083	 -0.003381	 -0.008830
  0.037026	 -0.009837	 -0.053856	  0.039497	  0.070473	  0.006779	 -0.035371	  0.038392	 -0.028267	 -0.042788	  0.011220	  0.001692	 -0.006345
  0.008634	  0.018062	 -0.022945	  0.049291	  0.049218	  0.010198	 -0.026089	  0.052649	 -0.039925	 -0.027271	  0.002597	 -0.003089	  0.019500
  0.019365	 -0.008098	 -0.025415	  0.035015	  0.054656	  0.019549	 -0.011010	  0.018483	 -0.038052	 -0.015394	  0.006342	  0.016244	  0.008894
  0.023039	 -0.018734	  0.005014	  0.031588	  0.054164	  0.003145	 -0.019890	  0.006406	 -0.013856	  0.019818	 -0.044637	  0.018319	  0.001452
  0.025504	 -0.018043	  0.017729	  0.045729	  0.053350	  0.011375	 -0.028000	  0.004953	 -0.023401	  0.018327	 -0.041132	  0.005955	  0.012237
  0.025649	 -0.014031	 -0.020329	  0.020937	  0.059206	  0.004480	 -0.037677	  0.010050	  0.007139	  0.019971	 -0.006743	 -0.015903	  0.003108
  0.025156	  0.002405	 -0.006014	 -0.002827	  0.068514	 -0.030249	 -0.038694	  0.010508	  0.003236	  0.018672	 -0.005161	 -0.006942	  0.000336
  0.017748	  0.004340	  0.020051	 -0.004931	  0.063253	 -0.006489	 -0.021646	 -0.022548	 -0.019231	  0.010224	  0.031114	 -0.011061	 -0.010460
  0.003604	  0.034079	 -0.011741	  0.000600	  0.056889	 -0.011412	 -0.019868	 -0.007631	 -0.008061	  0.016416	  0.022267	 -0.007205	 -0.022835
 -0.006097	  0.022469	 -0.012418	 -0.016245	  0.064626	  0.002017	 -0.033770	 -0.004391	 -0.005446	  0.019707	  0.028048	  0.013094	  0.015003
  0.010198	  0.001950	  0.017793	 -0.018010	  0.059157	  0.040383	 -0.049087	  0.022224	 -0.019167	  0.005760	  0.063318	 -0.005632	  0.021096
 -0.011965	 -0.010495	  0.019839	 -0.013026	  0.045676	  0.031184	 -0.031339	  0.016189	 -0.003071	  0.018404	  0.056573	 -0.023587	  0.008465
  0.003122	 -0.001809	  0.018236	 -0.017998	  0.071464	  0.009464	 -0.029392	  0.027002	 -0.015501	 -0.002103	  0.022462	 -0.002190	  0.024088
  0.002317	  0.008831	  0.026529	  0.013467	  0.054685	  0.023016	 -0.013802	  0.019481	 -0.018165	  0.022436	  0.004404	 -0.009592	  0.036239
  0.033126	 -0.002695	  0.007181	  0.023646	  0.034917	 -0.016838	 -0.000582	  0.018521	  0.000917	  0.048350	 -0.006012	 -0.048886	  0.006433
  0.058310	 -0.018649	  0.017971	  0.014308	  0.053484	 -0.036450	  0.013238	  0.034751	 -0.034475	  0.047629	  0.033352	 -0.038243	  0.030991
  0.048303	 -0.011042	  0.003472	 -0.011549	  0.047699	 -0.025141	  0.025183	  0.050344	 -0.018638	  0.022513	  0.029686	 -0.047538	  0.011827
  0.052443	  0.011670	  0.001771	 -0.022775	  0.063194	 -0.001977	  0.041586	  0.041516	 -0.003168	 -0.003745	  0.054556	 -0.064469	 -0.002086
  0.043554	  0.023798	 -0.020589	 -0.011441	  0.044768	  0.024441	  0.018729	  0.037649	  0.007910	 -0.008786	  0.065341	 -0.050428	  0.031784
  0.035186	 -0.002365	 -0.011367	  0.009830	  0.037987	  0.050541	  0.033980	  0.042136	  0.038704	  0.007372	  0.042015	 -0.024811	  0.044518
  0.051550	  0.009192	 -0.005133	  0.028149	  0.020429	  0.050511	  0.006469	  0.043427	  0.001716	 -0.034197	  0.035836	 -0.006589	  0.028474
  0.051207	  0.018051	  0.002245	  0.029251	  0.011153	 -0.004111	  0.001744	  0.073186	 -0.015970	 -0.017879	  0.053852	 -0.014943	  0.005322
  0.049583	  0.030682	 -0.003749	 -0.003370	  0.011010	 -0.016114	  0.007262	  0.057040	  0.004998	 -0.014378	  0.051700	  0.005948	  0.017168
  0.059186	  0.041045	 -0.003473	 -0.015356	  0.010486	  0.004412	  0.033054	  0.044230	  0.001759	  0.013169	  0.022730	 -0.000211	  0.019467
  0.047215	  0.028971	 -0.012728	 -0.008954	  0.012262	 -0.011279	  0.059253	  0.039963	  0.004413	  0.032750	  0.019588	 -0.027453	  0.035013
  0.042552	  0.041266	  0.018339	 -0.020267	  0.015631	 -0.016716	  0.059375	  0.041396	  0.024668	  0.011005	  0.031629	 -0.016884	  0.045916
  0.039970	  0.048088	 -0.005201	  0.035398	 -0.001873	  0.002618	  0.060249	  0.014925	  0.021813	  0.010045	  0.019393	 -0.010861	 -0.000943
  0.066009	  0.019692	 -0.007515	  0.022031	 -0.021042	  0.007821	  0.069540	  0.036252	  0.044238	  0.002487	 -0.011793	  0.011988	  0.012868
  0.053182	  0.050677	  0.007589	  0.033629	 -0.005583	  0.007860	  0.067942	  0.023740	  0.029778	 -0.011621	 -0.017100	  0.041377	  0.020729
  0.023204	  0.038486	 -0.017650	  0.024040	  0.007949	  0.024411	  0.047128	  0.028377	  0.032503	  0.011191	  0.006385	  0.018962	  0.017777
  0.039080	  0.054366	 -0.001862	  0.015006	  0.006116	 -0.004731	  0.058490	  0.035667	  0.017680	  0.023027	 -0.013576	 -0.007751	  0.034434
  0.076730	  0.069922	 -0.031130	  0.046041	 -0.009281	  0.001819	  0.030634	  0.008327	  0.022531	 -0.000901	 -0.037381	  0.001084	  0.014496
  0.091678	  0.078510	 -0.025675	  0.031711	 -0.020938	 -0.008232	  0.020577	  0.006233	  0.029988	 -0.016250	 -0.016977	  0.008353	  0.002940
  0.087628	  0.062971	 -0.010454	  0.055072	  0.009542	 -0.022742	  0.018539	  0.011108	  0.031638	 -0.000599	  0.020815	 -0.019974	 -0.000312
  0.104319	  0.039768	  0.008944	  0.041215	  0.032117	 -0.023734	  0.025731	  0.034929	  0.021006	 -0.012151	  0.011277	 -0.006846	  0.018704
  0.084012	  0.024448	  0.003475	  0.033282	  0.014007	 -0.002010	  0.020400	  0.040192	  0.034738	 -0.016799	 -0.007435	  0.028188	  0.018163
  0.083456	  0.052883	 -0.022970	  0.067144	 -0.000189	  0.006477	  0.032938	  0.030967	  0.018959	 -0.010954	 -0.007301	 -0.005112	  0.014290
  0.083748	  0.049345	 -0.025036	  0.056126	  0.005122	  0.009708	  0.044380	  0.021576	  0.002231	 -0.021410	 -0.009484	  0.016075	 -0.001152
  0.069705	  0.041091	 -0.047812	  0.026116	 -0.001115	  0.007552	  0.044062	  0.013551	  0.029227	 -0.004001	 -0.021192	  0.033744	 -0.003939
  0.090754	  0.064046	 -0.024612	  0.020475	  0.006934	  0.013274	  0.050869	  0.014837	  0.015073	  0.003676	 -0.037083	  0.014616	 -0.023118
  0.081680	  0.064020	 -0.002672	  0.023874	 -0.006323	 -0.009984	  0.068343	  0.013394	  0.037013	 -0.013289	 -0.016443	 -0.000350	 -0.020886
  0.076091	  0.077878	 -0.002063	  0.033554	 -0.001869	  0.012929	  0.083563	  0.026373	  0.008184	 -0.037215	 -0.020017	  0.012002	  0.012797
  0.057606	  0.070002	  0.009227	  0.055719	 -0.017402	  0.007284	  0.081313	  0.042832	  0.010974	 -0.030245	 -0.030649	  0.001753	  0.005204
  0.048527	  0.058179	  0.007533	  0.069620	 -0.024817	 -0.023985	  0.050554	  0.053163	  0.009746	  0.006937	 -0.046102	  0.023490	  0.007083
  0.041216	  0.049809	  0.003888	  0.058897	 -0.011462	 -0.035482	  0.057051	  0.057376	 -0.002354	  0.003914	 -0.043849	  0.015775	 -0.000858
  0.054136	  0.061298	  0.005705	  0.063942	 -0.004500	 -0.042426	  0.042561	  0.016277	 -0.010204	 -0.013690	 -0.053024	  0.019709	  0.002069
  0.061335	  0.044671	 -0.002617	  0.071595	  0.010542	 -0.041589	  0.017167	  0.029699	 -0.021081	 -0.014674	 -0.041194	  0.013152	 -0.012989
  0.027017	  0.054961	 -0.005589	  0.057184	 -0.018196	 -0.026614	  0.010492	  0.038908	 -0.012619	 -0.027070	 -0.048470	  0.012556	  0.018991
  0.039186	  0.065831	 -0.042823	  0.048091	  0.019992	 -0.010826	  0.010341	  0.023945	 -0.001063	 -0.023470	 -0.072330	  0.021984	  0.031837
  0.040771	  0.040869	 -0.045010	  0.057388	  0.021385	 -0.021704	  0.027728	  0.023132	 -0.003479	 -0.024728	 -0.060075	  0.023035	  0.012807
  0.056172	  0.026574	 -0.063394	  0.060650	  0.015646	 -0.019182	  0.034199	  0.015732	 -0.019445	 -0.012373	 -0.054940	  0.014216	 -0.005314
  0.059505	  0.018856	 -0.062307	  0.041062	  0.000761	 -0.016788	  0.044930	  0.014994	 -0.030757	 -0.020599	 -0.038589	  0.004807	  0.017734
  0.048555	  0.030698	 -0.046281	  0.048337	 -0.013722	  0.006646	  0.027071	  0.011497	 -0.028460	 -0.018863	 -0.058821	  0.009486	  0.018103
  0.030310	  0.029900	 -0.047079	  0.028992	  0.007113	  0.020513	  0.023250	  0.015111	 -0.023680	 -0.002856	 -0.072447	  0.004529	  0.016061
  0.020269	  0.049177	 -0.051284	  0.029857	  0.016046	  0.022578	  0.019773	  0.003112	 -0.022134	 -0.030141	 -0.053119	  0.013271	  0.019964
  0.014007	  0.048446	 -0.053176	  0.051939	  0.009964	  0.033735	  0.017880	  0.008049	  0.004395	 -0.019493	 -0.051027	  0.006563	  0.022343
  0.025220	  0.055490	 -0.050710	  0.044212	  0.009427	  0.043872	 -0.002495	  0.005999	 -0.018563	 -0.039171	 -0.033368	 -0.014327	  0.021104
  0.032257	  0.024528	 -0.030555	  0.021724	 -0.002760	  0.025524	 -0.012472	  0.009853	 -0.038937	 -0.042487	 -0.030504	 -0.012455	  0.021042
  0.057897	  0.018935	 -0.035430	  0.003902	  0.010989	  0.021966	 -0.032956	  0.016322	 -0.056712	 -0.054458	 -0.015208	 -0.002281	  0.017756
  0.064959	  0.040930	 -0.058966	  0.020442	  0.046905	  0.044612	 -0.030128	  0.018778	 -0.060156	 -0.032646	 -0.026840	 -0.027959	  0.017727
  0.012012	  0.022878	 -0.061327	 -0.004348	  0.050269	  0.011641	 -0.038299	  0.002575	 -0.059456	  0.002339	 -0.025682	 -0.032700	  0.001823
  0.004695	  0.027390	 -0.074607	  0.005523	  0.051807	  0.019841	 -0.059547	  0.024144	 -0.070667	 -0.013738	 -0.034289	 -0.007745	  0.018728
  0.000956	  0.035106	 -0.062626	  0.028829	  0.018985	  0.013211	 -0.041270	  0.004606	 -0.082242	 -0.016933	 -0.023076	 -0.010598	  0.008822
 -0.002082	  0.026291	 -0.062259	  0.045876	  0.013767	  0.015382	 -0.006227	  0.007988	 -0.068417	 -0.009798	 -0.043686	 -0.004972	 -0.011676
 -0.004232	  0.043680	 -0.080864	  0.027782	  0.040186	 -0.006563	 -0.020105	  0.021203	 -0.060386	 -0.031951	 -0.018812	 -0.004091	  0.007702
  0.017982	  0.033393	 -0.064211	  0.038071	  0.047171	  0.015783	 -0.018340	 -0.013348	 -0.056569	 -0.024783	 -0.000838	  0.014786	 -0.000588
  0.006100	  0.021497	 -0.057094	  0.063261	  0.024124	  0.039670	 -0.038891	 -0.028036	 -0.057931	 -0.026758	  0.000720	  0.014511	  0.001690
 -0.005304	  0.014536	 -0.049048	  0.023824	  0.058108	 -0.001286	 -0.025255	 -0.012598	 -0.041942	 -0.040986	  0.019037	  0.002467	  0.008753
 -0.008486	  0.013058	 -0.047200	 -0.002888	  0.056255	  0.003141	 -0.045292	  0.000655	 -0.051124	 -0.042276	  0.013671	  0.011215	  0.026900
  0.008438	  0.018059	 -0.001891	  0.013141	  0.049079	 -0.008964	 -0.017528	 -0.009418	 -0.045211	 -0.066105	  0.015098	 -0.023531	  0.043424
  0.018595	 -0.000331	 -0.017462	  0.006119	  0.039587	 -0.005133	  0.005378	 -0.008020	 -0.072179	 -0.053064	  0.011904	 -0.031161	  0.030403
  0.003683	  0.013471	 -0.024779	  0.009409	  0.015614	 -0.002885	 -0.011750	 -0.017888	 -0.065929	 -0.012603	  0.010859	 -0.034855	  0.006303
  0.005310	  0.017768	 -0.023153	  0.016060	  0.037300	 -0.002721	 -0.017997	 -0.016216	 -0.052891	 -0.031460	  0.013603	 -0.024568	  0.020985
  0.001529	  0.014919	 -0.031142	  0.006021	  0.053845	 -0.010437	 -0.018105	 -0.006215	 -0.074593	 -0.006400	 -0.000812	  0.004157	  0.017176
  0.022120	  0.031531	 -0.051577	 -0.011172	  0.018635	  0.013746	  0.004619	  0.018444	 -0.060240	 -0.020903	  0.001678	 -0.009185	  0.012128
  0.041494	  0.052914	 -0.040816	 -0.028987	  0.031298	  0.007065	 -0.014144	  0.021558	 -0.054346	 -0.003679	  0.033832	 -0.024628	  0.004431
  0.022786	  0.058550	 -0.027442	 -0.017099	  0.030498	  0.005669	 -0.024813	  0.006023	 -0.063377	 -0.035654	  0.025115	 -0.032471	  0.005244
  0.018573	  0.058316	 -0.038479	  0.010682	  0.000858	  0.003556	 -0.013397	  0.024838	 -0.057774	 -0.024345	 -0.010342	 -0.030078	  0.003772
  0.033224	  0.063618	 -0.034802	  0.027404	  0.014593	 -0.010314	  0.008256	  0.024574	 -0.049385	 -0.031419	 -0.006851	 -0.046077	  0.018903
  0.035861	  0.040039	 -0.030131	 -0.010227	  0.035882	 -0.010374	  0.002242	  0.016298	 -0.031915	 -0.048160	 -0.016850	 -0.050649	  0.016119
  0.023961	  0.043963	 -0.013292	 -0.002520	  0.026689	  0.011381	  0.031444	  0.013879	 -0.026343	 -0.060287	 -0.019185	 -0.028395	  0.001097
  0.049531	  0.055360	  0.006222	 -0.022992	  0.012839	  0.029529	  0.032767	  0.011520	 -0.034077	 -0.024447	 -0.017697	 -0.004095	  0.011374
  0.050299	  0.027801	  0.002954	 -0.047058	  0.022480	  0.041222	  0.020213	  0.001694	 -0.021128	 -0.039635	 -0.009119	  0.000008	  0.019625
  0.042590	  0.029362	 -0.020988	 -0.025514	  0.018979	  0.009060	  0.033705	 -0.040919	 -0.026838	 -0.052678	 -0.015269	 -0.009837	  0.005163
  0.048340	  0.004582	 -0.019238	 -0.007395	  0.027719	 -0.012843	  0.042077	 -0.013798	 -0.042055	 -0.061180	 -0.014485	 -0.023676	  0.014883
  0.033250	  0.010639	  0.004711	 -0.028400	  0.015447	  0.002911	  0.045889	 -0.016545	 -0.028558	 -0.066664	 -0.021141	 -0.007077	  0.048275
  0.048774	  0.005768	  0.001271	 -0.004301	 -0.007954	  0.008862	  0.023428	 -0.005723	 -0.005750	 -0.049537	 -0.061699	 -0.015000	  0.020055
  0.048855	  0.008896	 -0.006572	  0.025736	 -0.009293	  0.036777	  0.028133	  0.021464	 -0.000603	 -0.072046	 -0.052044	 -0.012851	 -0.005308
  0.073269	  0.018022	  0.003551	  0.008032	 -0.014714	  0.004726	  0.056513	 -0.018969	  0.010600	 -0.056965	 -0.051730	 -0.021321	  0.015930
  0.067078	  0.005726	  0.015267	  0.013649	  0.006493	 -0.015463	  0.039788	  0.006750	  0.008499	 -0.070825	 -0.030174	 -0.028783	  0.004657
  0.063997	  0.012785	  0.028944	  0.012507	 -0.003229	 -0.022345	  0.051389	  0.004934	  0.004660	 -0.043371	 -0.029329	  0.004172	  0.032873
  0.059707	  0.017374	  0.006465	  0.002547	 -0.018122	 -0.005640	  0.045501	  0.026242	  0.010673	 -0.034677	 -0.036819	  0.000244	  0.061580
  0.048978	  0.021423	  0.006936	  0.013422	 -0.013309	 -0.018943	  0.055188	  0.024508	  0.025407	 -0.072539	 -0.031214	  0.024269	  0.050428
  0.079604	  0.037819	  0.008895	  0.022709	  0.002399	 -0.015380	  0.050596	  0.004989	  0.022361	 -0.100704	 -0.034716	 -0.004591	  0.043548
  0.059548	  0.040546	  0.019162	  0.052018	  0.003784	  0.016021	  0.048090	  0.018087	  0.031208	 -0.115589	 -0.053845	 -0.001414	  0.006167
  0.032796	  0.053018	  0.017345	  0.044469	 -0.024435	  0.009931	  0.055841	  0.025398	  0.024045	 -0.074956	 -0.062642	 -0.020658	  0.016615
  0.012498	  0.058577	  0.023360	  0.026972	 -0.008609	  0.025012	  0.057727	  0.014093	  0.029430	 -0.076879	 -0.056934	 -0.004254	  0.018666
  0.015831	  0.052785	  0.034781	  0.048635	 -0.024035	  0.018996	  0.059736	  0.003828	  0.049681	 -0.082049	 -0.057149	 -0.011011	  0.038701
  0.022111	  0.065351	  0.019034	  0.065574	 -0.018033	  0.013905	  0.057704	  0.032762	  0.058043	 -0.085806	 -0.080599	 -0.019388	  0.034236
  0.024890	  0.069484	  0.006769	  0.043408	 -0.002403	  0.017820	  0.032020	  0.031936	  0.034061	 -0.064406	 -0.049018	  0.003400	  0.018535
  0.021573	  0.047888	  0.020268	  0.037608	 -0.010668	 -0.008521	  0.037361	  0.049224	  0.054450	 -0.084023	 -0.043824	 -0.012165	  0.017561
 -0.000330	  0.021351	  0.033967	  0.055980	  0.001395	 -0.002557	  0.039748	  0.036302	  0.035043	 -0.087779	 -0.056305	 -0.009339	  0.025908
  0.005227	  0.007915	  0.045589	  0.048615	 -0.002989	 -0.034149	  0.039952	  0.017928	  0.024737	 -0.060610	 -0.048429	 -0.008187	  0.033548
  0.005259	  0.023161	  0.027821	  0.054759	 -0.017300	 -0.039686	  0.032571	  0.011512	  0.048387	 -0.076555	 -0.055032	 -0.003332	  0.009468
 -0.004747	  0.022294	 -0.001420	  0.074369	 -0.010516	 -0.015047	  0.034951	 -0.014596	  0.071696	 -0.060600	 -0.068209	 -0.002343	  0.012013
  0.009819	  0.043444	  0.002986	  0.085359	  0.031377	 -0.006587	  0.042646	  0.005771	  0.064318	 -0.054813	 -0.039103	 -0.014975	  0.016356
 -0.005714	  0.069174	  0.011638	  0.051502	  0.040682	 -0.015525	  0.034139	  0.007887	  0.019885	 -0.065724	 -0.031363	 -0.024897	  0.010287
  0.006666	  0.050515	 -0.003951	  0.041464	  0.037915	 -0.021219	  0.020856	  0.011713	  0.012544	 -0.071405	 -0.038402	 -0.018678	 -0.000985
  0.014502	  0.019850	 -0.000311	  0.026623	  0.045065	 -0.013192	  0.003546	  0.041507	  0.011373	 -0.048667	 -0.051171	 -0.018250	  0.005475
  0.012083	  0.040012	  0.002053	  0.041207	  0.070201	  0.016347	 -0.007441	  0.057259	  0.025263	 -0.057523	 -0.041291	 -0.023947	 -0.019563
  0.010251	  0.047904	 -0.009156	  0.085161	  0.032177	  0.013148	  0.003128	  0.046234	  0.018810	 -0.052548	 -0.062146	 -0.016841	 -0.018915
 -0.022136	  0.013193	 -0.006398	  0.069841	  0.038093	 -0.009228	 -0.003904	  0.025589	  0.013397	 -0.040971	 -0.058483	 -0.013059	 -0.021935
 -0.027793	  0.038414	 -0.009482	  0.050932	  0.002012	 -0.002349	 -0.010513	  0.022807	  0.032516	 -0.059901	 -0.060032	  0.005373	 -0.000765
 -0.021635	  0.032088	 -0.028522	  0.064594	 -0.009327	  0.013621	 -0.021846	  0.034633	  0.034054	 -0.065366	 -0.049517	 -0.002574	  0.016193
 -0.011034	  0.040954	 -0.021842	  0.084979	 -0.000933	  0.009020	 -0.049325	  0.027018	  0.025586	 -0.076631	 -0.009027	  0.004378	 -0.018405
 -0.012162	  0.053916	 -0.025786	  0.079420	 -0.007578	  0.000087	 -0.043605	  0.011835	  0.018389	 -0.065411	 -0.009736	  0.002496	 -0.001124
 -0.016066	  0.072424	 -0.025798	  0.053223	  0.018114	 -0.027608	 -0.001999	 -0.019069	  0.002287	 -0.052966	 -0.011559	 -0.026864	  0.018735
 -0.006133	  0.088073	 -0.025502	  0.064505	  0.024451	 -0.029642	  0.012777	 -0.011469	 -0.009455	 -0.057157	 -0.003024	 -0.007953	  0.021487
  0.006645	  0.053715	 -0.028717	  0.088621	  0.018991	 -0.020820	 -0.018448	 -0.004936	 -0.014254	 -0.060822	 -0.008676	 -0.022457	 -0.012068
 -0.021712	  0.042578	 -0.030403	  0.071812	  0.011517	 -0.004480	 -0.001222	  0.010845	  0.007040	 -0.053394	  0.005672	  0.005518	  0.004306
 -0.036962	  0.060710	 -0.046753	  0.048253	  0.024883	 -0.014565	 -0.026711	  0.012949	 -0.003073	 -0.037987	  0.029722	 -0.003538	 -0.002081
 -0.025653	  0.050365	 -0.081482	  0.063773	  0.027178	 -0.034458	 -0.038392	  0.023957	 -0.006637	 -0.012632	  0.027234	 -0.004047	  0.010824
 -0.032846	  0.053271	 -0.047013	  0.064563	  0.002622	 -0.019424	 -0.009298	  0.024741	 -0.025018	 -0.029700	 -0.007210	 -0.011250	  0.030182
 -0.019625	  0.065679	 -0.011880	  0.047161	  0.023819	 -0.038272	 -0.009628	  0.008106	 -0.012913	 -0.017464	 -0.001565	  0.018400	  0.038927
 -0.021787	  0.051380	 -0.037898	  0.049755	  0.011482	 -0.042115	 -0.028767	 -0.003175	  0.000740	 -0.027026	  0.010011	  0.004588	  0.020581
 -0.032751	  0.043402	 -0.046747	  0.031743	  0.011175	 -0.064453	 -0.020290	 -0.008707	 -0.007675	 -0.013731	 -0.002314	 -0.022940	 -0.002089
 -0.010542	  0.040612	 -0.036078	  0.005981	  0.028794	 -0.049602	 -0.018350	 -0.004205	 -0.036860	 -0.034570	 -0.018077	 -0.013777	  0.002814
 -0.011059	  0.026719	 -0.025023	  0.017702	  0.048422	 -0.046924	 -0.040567	 -0.005483	 -0.024026	 -0.064166	  0.003073	 -0.015445	 -0.000158
 -0.027026	  0.029707	 -0.000196	 -0.000483	  0.064931	 -0.017539	 -0.008964	  0.002104	 -0.012843	 -0.051760	  0.005719	 -0.043645	 -0.000215
 -0.043182	  0.048772	 -0.019943	  0.007881	  0.049743	 -0.018833	  0.003406	  0.011917	 -0.021612	 -0.047533	  0.004045	  0.000437	 -0.025260
 -0.048349	  0.030517	 -0.055233	  0.003015	  0.049787	 -0.008618	 -0.021307	  0.036585	  0.017445	 -0.033812	  0.017604	  0.012577	 -0.001736
 -0.018798	  0.034537	 -0.058453	 -0.015669	  0.042765	 -0.005044	 -0.022834	 -0.010763	  0.010376	 -0.013470	 -0.002775	 -0.046761	  0.013853
  0.011681	  0.067393	 -0.055011	  0.006581	  0.054495	 -0.032759	 -0.020058	 -0.017534	 -0.036510	 -0.023159	  0.002403	 -0.058095	  0.021708
  0.012062	  0.043201	 -0.058048	  0.023283	  0.037456	 -0.015341	 -0.034501	 -0.008732	 -0.040781	 -0.018381	 -0.033934	 -0.030832	  0.022569
 -0.007903	  0.057816	 -0.042845	  0.024437	  0.047098	 -0.007645	 -0.018760	 -0.017350	 -0.056661	 -0.028890	 -0.036732	 -0.017919	  0.003178
 -0.010656	  0.037418	 -0.031680	  0.033680	  0.045442	 -0.020162	 -0.026354	 -0.007159	 -0.047090	 -0.058024	 -0.031122	 -0.004112	  0.020130
  0.041119	  0.039126	 -0.045179	  0.033780	  0.033029	 -0.040426	 -0.027170	 -0.019895	 -0.043635	 -0.051504	 -0.038956	  0.006112	  0.029672
