:RUN-1	LEVEL SWEEP	TEMP:29.50	10/18/2017	3:47 PM	HR:256.28:SW EAR: R	SW FREQ: clicks	# AVERAGES: 32	REP RATE (/sec): 35	DRIVER: 	SAMPLE (µsec): 40	MASKER dB: 0:NOTES-:CHAMBER-Chamber 4:Avgs: 512;512;512;512;512;512;512;512;512;512;512;256;128;64;64;32;32
:Tries: 551;554;554;551;558;549;554;558;562;561;554;271;140;72;69;36;35
:Log: :CFTS Version: V2.24.3 (R1656):LEVELS:0;5;10;15;20;25;30;35;40;45;50;55;60;65;70;75;80;:DATA  0.010460	  0.023691	  0.009748	 -0.013590	 -0.002338	  0.002427	 -0.023954	 -0.046971	 -0.023563	  0.034975	 -0.030394	  0.027332	 -0.096924	 -0.064814	 -0.032629	 -0.215491	 -0.230417
 -0.000184	  0.020713	  0.018301	 -0.023442	 -0.011303	 -0.003466	 -0.024144	 -0.049221	 -0.039307	  0.028354	 -0.036445	  0.030500	 -0.085773	 -0.059746	 -0.079513	 -0.250971	 -0.204061
 -0.015738	  0.020776	  0.010033	 -0.028352	 -0.039814	 -0.002547	 -0.012359	 -0.098196	 -0.050933	  0.017963	 -0.017121	 -0.000608	 -0.029892	 -0.057465	 -0.106123	 -0.148585	 -0.300364
 -0.008864	  0.025592	 -0.005902	 -0.039472	 -0.036456	  0.007432	 -0.016129	 -0.099368	 -0.042190	  0.002124	 -0.013604	  0.014091	  0.014585	 -0.046821	 -0.189755	 -0.079653	 -0.326720
  0.025254	  0.003322	 -0.002132	 -0.050654	 -0.051471	  0.008477	 -0.013215	 -0.083307	 -0.008167	 -0.026292	 -0.015410	 -0.030386	  0.024595	 -0.006526	 -0.203187	 -0.012747	 -0.326214
  0.049076	 -0.000480	  0.011363	 -0.027212	 -0.017005	 -0.013634	 -0.024999	 -0.059263	  0.010999	 -0.013620	 -0.031154	 -0.013470	  0.030551	  0.018817	 -0.179871	 -0.047721	 -0.217239
  0.030038	 -0.017871	  0.015608	 -0.005354	  0.010397	 -0.026844	 -0.009160	 -0.032621	  0.023924	 -0.007158	 -0.025706	  0.017829	  0.029664	 -0.006019	 -0.121582	 -0.072557	 -0.218253
  0.019457	 -0.018695	  0.000687	 -0.001362	  0.024399	 -0.010340	  0.003575	 -0.014438	  0.020439	 -0.021350	 -0.022728	 -0.031907	  0.008376	 -0.034656	 -0.082554	 -0.171394	 -0.185814
  0.007419	 -0.030226	 -0.022470	  0.040549	  0.039161	  0.009491	  0.001928	  0.020029	  0.006374	 -0.026513	 -0.016772	 -0.055982	 -0.020895	 -0.010834	 -0.067095	 -0.148585	 -0.060620
 -0.012095	 -0.030416	 -0.019460	  0.023062	  0.036627	 -0.013888	  0.002498	  0.031908	  0.017366	 -0.034655	 -0.019877	 -0.038432	 -0.041170	  0.019324	 -0.049609	 -0.074584	  0.011860
  0.004948	  0.006711	 -0.009988	  0.001837	  0.032509	 -0.018735	  0.006553	  0.039986	  0.037862	 -0.020399	 -0.009486	 -0.037545	  0.007109	  0.042386	  0.010454	  0.070377	  0.055957
  0.002192	  0.006711	 -0.004128	  0.003073	  0.028074	 -0.032388	 -0.005549	  0.020947	  0.029151	 -0.044380	 -0.007966	 -0.021643	  0.037013	  0.026927	  0.067982	  0.097241	  0.143137
 -0.021187	 -0.007544	 -0.017654	  0.018817	  0.042931	 -0.021301	 -0.001462	  0.028645	  0.011822	 -0.030378	 -0.005336	  0.015801	  0.067805	  0.059873	  0.037824	 -0.006158	  0.304824
 -0.035790	 -0.010142	 -0.034191	  0.017962	  0.020851	 -0.024215	 -0.005834	  0.026174	 -0.000089	 -0.009122	  0.012277	  0.011683	  0.030297	  0.057592	  0.109798	  0.007527	  0.341825
 -0.030342	 -0.009001	 -0.005015	  0.034435	  0.022245	  0.021782	  0.016025	  0.017114	  0.017335	  0.016189	  0.012721	 -0.016764	  0.017373	  0.022365	  0.125257	  0.070377	  0.247042
 -0.023626	 -0.022782	 -0.021202	  0.033484	  0.001590	  0.050451	  0.017925	  0.042996	 -0.000532	  0.025123	  0.027641	 -0.003649	  0.009390	 -0.016410	  0.140970	  0.130186	  0.153274
 -0.008674	 -0.018505	  0.002430	  0.016188	 -0.004682	  0.055171	  0.026954	  0.052943	 -0.005664	  0.035767	  0.051559	  0.035189	 -0.021529	  0.021605	  0.151867	  0.179858	  0.151753
  0.022720	  0.009340	  0.005883	  0.008015	 -0.023499	  0.021370	  0.026700	  0.068465	  0.012583	  0.035735	  0.062931	  0.056667	  0.022695	  0.004879	  0.149333	  0.220407	  0.115766
 -0.006076	  0.027682	  0.024256	  0.006684	 -0.039624	  0.005943	  0.015581	  0.065583	 -0.005823	  0.019769	  0.044494	  0.025495	 -0.029005	  0.009187	  0.154402	  0.220914	  0.168986
 -0.008990	  0.021125	  0.043834	 -0.014667	 -0.032591	 -0.015187	  0.019066	  0.068592	 -0.011588	  0.017868	  0.040376	  0.015801	  0.025736	  0.020338	  0.164032	  0.231558	  0.375277
 -0.003225	  0.025528	  0.056917	  0.005987	 -0.039497	 -0.012146	  0.033289	  0.068117	 -0.024671	  0.032155	  0.013703	  0.019413	  0.083391	  0.071277	  0.241581	  0.306573	  0.745283
 -0.001736	 -0.001905	  0.053052	  0.030792	 -0.044470	  0.000779	  0.035602	  0.031401	 -0.016118	  0.051764	  0.017282	  0.009972	  0.174625	  0.174422	  0.428611	  0.639071	  1.055987
  0.009573	 -0.018030	  0.056347	  0.032882	 -0.044882	 -0.007647	  0.045327	  0.031021	 -0.005442	  0.021987	 -0.011165	  0.021947	  0.221636	  0.294294	  0.561155	  1.019215	  1.467556
 -0.014154	 -0.010300	  0.032303	  0.022048	 -0.033795	 -0.022093	  0.037883	  0.017875	  0.002192	  0.041215	  0.000144	  0.054766	  0.253822	  0.430385	  0.830296	  1.324343	  1.774204
 -0.033858	 -0.003584	  0.044626	  0.021446	 -0.018526	 -0.046327	  0.010734	  0.031116	  0.008750	  0.067192	  0.018581	  0.139221	  0.365964	  0.695472	  1.101465	  1.579292	  2.037264
 -0.035030	  0.000154	  0.047223	  0.043210	 -0.019286	 -0.051617	  0.030945	  0.042204	  0.003776	  0.068206	  0.053459	  0.189400	  0.493565	  0.815344	  1.311051	  1.788118	  2.168033
 -0.003478	  0.004684	  0.033380	  0.023030	 -0.036487	 -0.031438	  0.033258	  0.048349	  0.032065	  0.070898	  0.100470	  0.273348	  0.635359	  0.870591	  1.461081	  1.781529	  2.060072
  0.015180	  0.016120	  0.026347	  0.015301	 -0.046688	 -0.031945	  0.037471	  0.058803	  0.033744	  0.067889	  0.136394	  0.303887	  0.732929	  0.938003	  1.542685	  1.719692	  1.763560
  0.015180	  0.028949	  0.029705	  0.022048	 -0.044407	 -0.027098	  0.053279	  0.070461	  0.037197	  0.081479	  0.151188	  0.355333	  0.718610	  0.947634	  1.397977	  1.342083	  1.392034
 -0.006805	  0.036204	  0.052229	  0.019799	 -0.076402	 -0.033877	  0.069245	  0.080852	  0.036152	  0.098617	  0.186319	  0.365406	  0.736223	  0.855892	  1.099944	  0.903651	  0.897341
  0.002952	  0.046056	  0.023813	  0.012640	 -0.093667	 -0.026211	  0.054641	  0.063048	  0.026616	  0.094404	  0.176024	  0.298881	  0.689212	  0.606012	  0.721829	  0.454575	  0.443196
 -0.010004	  0.023057	  0.051753	  0.013527	 -0.117711	 -0.035683	  0.040100	  0.041602	 -0.000849	  0.074130	  0.161800	  0.220825	  0.591135	  0.386796	  0.284664	 -0.112598	  0.069135
 -0.001483	  0.031547	  0.043454	  0.012671	 -0.114639	 -0.034289	  0.024008	  0.042616	  0.008338	  0.073813	  0.134620	  0.134216	  0.402964	  0.151614	 -0.098774	 -0.628580	 -0.473202
  0.010999	  0.027239	  0.023369	  0.021573	 -0.099464	 -0.067203	  0.045898	  0.047843	  0.011157	  0.035197	  0.107376	  0.093351	  0.249260	 -0.144391	 -0.438115	 -1.061943	 -1.078390
 -0.031355	 -0.008083	 -0.004603	  0.022048	 -0.086825	 -0.074109	  0.019034	  0.046069	  0.034663	  0.007509	  0.036670	 -0.015751	  0.060582	 -0.434314	 -0.768586	 -1.546499	 -1.513781
 -0.008167	 -0.004091	  0.010951	  0.013685	 -0.071556	 -0.082029	  0.009277	  0.013091	  0.033554	  0.013877	 -0.023805	 -0.130364	 -0.169151	 -0.662653	 -1.065098	 -1.885586	 -1.817896
 -0.026857	 -0.012676	  0.014087	  0.029873	 -0.073171	 -0.084468	  0.019224	  0.027758	  0.040777	 -0.007760	 -0.071513	 -0.241302	 -0.313732	 -0.925459	 -1.370733	 -2.222647	 -2.184861
 -0.021187	 -0.007988	  0.020138	  0.019767	 -0.082992	 -0.070307	  0.018052	  0.027727	  0.038591	 -0.044412	 -0.142441	 -0.362631	 -0.470098	 -1.145942	 -1.710581	 -2.509528	 -2.373918
 -0.002971	 -0.015527	  0.022482	  0.004910	 -0.066075	 -0.080191	  0.040449	  0.038656	  0.006500	 -0.050557	 -0.179093	 -0.386137	 -0.616706	 -1.347925	 -1.920420	 -2.647394	 -2.481879
 -0.023151	 -0.027850	  0.010761	 -0.000444	 -0.080109	 -0.083803	  0.059234	  0.036343	 -0.033510	 -0.046883	 -0.195249	 -0.452155	 -0.741140	 -1.517722	 -2.083375	 -2.623571	 -2.322726
 -0.013520	 -0.023922	 -0.002354	 -0.012608	 -0.096994	 -0.104584	  0.082962	  0.066755	 -0.044597	 -0.065288	 -0.203739	 -0.456083	 -0.888255	 -1.629991	 -2.165993	 -2.438061	 -2.041927
 -0.004936	 -0.009318	 -0.008309	  0.003833	 -0.108049	 -0.106611	  0.090533	  0.057473	 -0.019729	 -0.035669	 -0.218882	 -0.463813	 -0.973154	 -1.594764	 -2.007093	 -2.175002	 -1.683072
 -0.001609	  0.013712	 -0.007327	  0.008173	 -0.126233	 -0.101638	  0.108526	  0.042901	 -0.037723	 -0.019132	 -0.218216	 -0.509050	 -1.026754	 -1.484776	 -1.707033	 -1.861764	 -1.181789
  0.013850	 -0.006214	  0.012092	  0.067000	 -0.142262	 -0.082472	  0.100195	  0.005140	 -0.047607	 -0.018879	 -0.203518	 -0.512154	 -1.018518	 -1.309150	 -1.310164	 -1.339701	 -0.749440
 -0.002148	 -0.011789	  0.027012	  0.060538	 -0.162600	 -0.103665	  0.100511	  0.011571	 -0.014914	 -0.014349	 -0.196453	 -0.513295	 -0.885214	 -1.045077	 -0.817245	 -0.687375	 -0.190376
  0.022055	 -0.013817	  0.050740	  0.065860	 -0.189939	 -0.089125	  0.089361	  0.016703	 -0.025210	 -0.011751	 -0.180646	 -0.480159	 -0.688173	 -0.677605	 -0.351696	 -0.201805	  0.252618
  0.035930	 -0.025348	  0.045259	  0.046631	 -0.190731	 -0.090360	  0.049382	 -0.010224	 -0.031482	 -0.004338	 -0.156602	 -0.394753	 -0.429803	 -0.359552	  0.132607	  0.383615	  0.634282
  0.036849	 -0.039856	  0.030244	  0.026927	 -0.182367	 -0.080350	  0.041779	 -0.003698	 -0.015263	 -0.008330	 -0.079337	 -0.311185	 -0.194494	 -0.002978	  0.626539	  0.696346	  0.884162
  0.029214	 -0.038716	  0.014721	  0.020781	 -0.160668	 -0.074267	  0.040987	  0.004380	 -0.009909	  0.013623	 -0.019053	 -0.167111	  0.073507	  0.268444	  0.908606	  1.046585	  1.031658
  0.026711	 -0.034471	  0.005344	  0.008902	 -0.173814	 -0.087636	  0.032973	  0.008308	 -0.019128	  0.047710	  0.025392	 -0.025698	  0.288795	  0.459023	  1.075869	  1.021242	  1.080823
  0.020756	 -0.001969	  0.017952	  0.000760	 -0.154332	 -0.076295	  0.027841	  0.005045	 -0.003098	  0.043243	  0.087007	  0.128134	  0.428814	  0.561662	  1.215508	  0.997927	  0.949040
  0.022562	 -0.010300	  0.017192	 -0.003770	 -0.133139	 -0.091152	  0.021093	  0.011982	 -0.011620	  0.063359	  0.115169	  0.221079	  0.558316	  0.648588	  1.197515	  0.931528	  0.826888
  0.006627	 -0.014133	 -0.000326	 -0.005607	 -0.119770	 -0.086464	  0.043078	 -0.019664	 -0.001958	  0.077614	  0.160026	  0.244648	  0.619900	  0.706369	  1.098677	  0.839787	  0.756434
  0.012900	 -0.011567	 -0.004825	  0.006969	 -0.108493	 -0.059378	  0.040702	 -0.018873	 -0.028599	  0.095639	  0.151631	  0.267646	  0.733816	  0.708397	  0.867297	  0.709018	  0.719941
 -0.013172	 -0.012043	 -0.023895	  0.031362	 -0.114860	 -0.082726	  0.080301	  0.007991	 -0.063319	  0.086072	  0.166298	  0.309779	  0.766255	  0.657458	  0.707130	  0.519453	  0.652529
 -0.001356	 -0.004598	 -0.012776	  0.039883	 -0.127944	 -0.075344	  0.091768	  0.038339	 -0.050806	  0.064531	  0.156795	  0.316875	  0.740278	  0.671903	  0.579148	  0.361820	  0.400113
  0.026870	 -0.008431	  0.010476	  0.057275	 -0.143593	 -0.085608	  0.097534	  0.054875	 -0.031070	  0.033929	  0.149160	  0.338289	  0.696942	  0.494250	  0.362213	  0.122584	  0.173041
  0.022625	  0.023374	  0.001511	  0.034910	 -0.143719	 -0.108607	  0.093827	  0.058011	 -0.038356	  0.041944	  0.104684	  0.339367	  0.611917	  0.332055	  0.105743	 -0.066981	 -0.169595
  0.017873	  0.052360	 -0.019207	  0.008743	 -0.112136	 -0.105439	  0.074028	  0.027505	 -0.049095	  0.046379	  0.089224	  0.341584	  0.495719	  0.118921	 -0.126651	 -0.266176	 -0.337871
  0.021231	  0.052360	 -0.007296	  0.016346	 -0.103583	 -0.081427	  0.076246	  0.023767	 -0.042475	  0.026675	  0.034072	  0.364519	  0.394348	 -0.110938	 -0.335223	 -0.524674	 -0.632862
  0.023765	  0.054704	 -0.038626	 -0.027877	 -0.096107	 -0.057446	  0.082170	  0.036660	 -0.040384	  0.025725	 -0.003721	  0.334425	  0.220369	 -0.309373	 -0.422149	 -0.668114	 -0.645027
  0.036785	  0.025306	 -0.043916	 -0.014350	 -0.103931	 -0.048924	  0.069403	  0.019617	 -0.042791	  0.039980	  0.006417	  0.272271	 -0.028371	 -0.546076	 -0.445465	 -0.724882	 -0.637424
  0.014452	  0.012096	 -0.059755	 -0.018215	 -0.101682	 -0.038534	  0.061578	  0.028962	 -0.037850	  0.052398	 -0.017501	  0.153667	 -0.223258	 -0.653276	 -0.482972	 -0.733499	 -0.541628
 -0.001229	 -0.003046	 -0.042586	 -0.026388	 -0.129116	 -0.044965	  0.044504	  0.040208	 -0.040606	  0.036717	 -0.027701	  0.047860	 -0.374428	 -0.706496	 -0.490828	 -0.550017	 -0.397174
 -0.000120	  0.003353	 -0.029471	 -0.034181	 -0.117933	 -0.027605	  0.046816	  0.016196	 -0.027016	  0.031522	 -0.055262	 -0.076193	 -0.456666	 -0.706750	 -0.331675	 -0.479056	 -0.061634
  0.002192	  0.008770	 -0.012934	 -0.041087	 -0.118345	 -0.034827	  0.044250	  0.008213	 -0.050458	 -0.004497	 -0.065399	 -0.213172	 -0.422326	 -0.709791	 -0.218646	 -0.339164	  0.290125
  0.034061	  0.016690	 -0.002100	 -0.036842	 -0.100700	 -0.028238	  0.053184	  0.012394	 -0.060690	 -0.012923	 -0.058620	 -0.296550	 -0.436012	 -0.587892	  0.014002	 -0.089790	  0.636816
  0.007989	  0.014219	 -0.002100	 -0.037159	 -0.112421	 -0.053771	  0.039403	  0.015309	 -0.052517	  0.001649	 -0.049021	 -0.349516	 -0.343130	 -0.424937	  0.236512	  0.156036	  0.878587
  0.012234	  0.005032	 -0.007961	 -0.063769	 -0.095441	 -0.065682	  0.032593	 -0.005282	 -0.055019	  0.014067	 -0.092262	 -0.322590	 -0.256331	 -0.245509	  0.441790	  0.382095	  1.001247
  0.003143	 -0.001874	 -0.017781	 -0.045142	 -0.063066	 -0.059410	  0.038263	 -0.042441	 -0.057902	 -0.005004	 -0.116750	 -0.301238	 -0.177261	 -0.028828	  0.608293	  0.548851	  1.147728
  0.014040	 -0.005010	  0.007688	 -0.053917	 -0.089993	 -0.066253	  0.061040	 -0.051280	 -0.045547	  0.002821	 -0.123371	 -0.264491	 -0.055235	  0.210663	  0.721068	  0.521987	  0.972356
  0.032699	 -0.006309	  0.025112	 -0.072797	 -0.092780	 -0.077308	  0.039942	 -0.034395	 -0.067532	 -0.001329	 -0.120583	 -0.253467	  0.051839	  0.416954	  0.866536	  0.502727	  0.841586
  0.015624	  0.018464	  0.021532	 -0.048088	 -0.053816	 -0.064922	  0.026130	 -0.003477	 -0.075135	 -0.009439	 -0.126190	 -0.194418	  0.227085	  0.440269	  0.838913	  0.400848	  0.634789
  0.008528	  0.018496	  0.022324	 -0.045364	 -0.056255	 -0.054848	  0.025623	  0.000356	 -0.046149	 -0.019607	 -0.143170	 -0.165337	  0.308182	  0.493489	  0.784932	  0.200640	  0.241974
 -0.036709	  0.040164	  0.038638	 -0.041151	 -0.058757	 -0.053138	  0.007376	 -0.002685	 -0.043393	  0.012958	 -0.090140	 -0.092159	  0.428814	  0.518325	  0.562422	 -0.196737	 -0.191389
 -0.027934	  0.033480	  0.038290	 -0.028732	 -0.086761	 -0.064510	  0.001072	  0.004253	 -0.038293	  0.037002	 -0.045061	 -0.054842	  0.474938	  0.353850	  0.303671	 -0.611346	 -0.568492
 -0.016657	  0.031135	  0.030877	 -0.027370	 -0.103266	 -0.060772	  0.002308	  0.026776	 -0.047353	  0.039536	 -0.038250	 -0.010429	  0.473544	  0.154655	 -0.033136	 -1.052819	 -0.949648
 -0.024671	  0.029615	  0.014309	 -0.012830	 -0.086064	 -0.058808	 -0.015749	  0.029184	 -0.043773	  0.034341	 -0.049116	  0.005157	  0.387759	 -0.054677	 -0.366902	 -1.312837	 -1.218283
 -0.023468	  0.006838	  0.026379	  0.030411	 -0.081059	 -0.061279	 -0.014482	  0.034728	 -0.012317	  0.014257	 -0.053171	  0.050965	  0.277897	 -0.275667	 -0.684955	 -1.610870	 -1.470191
 -0.032306	  0.001674	  0.012377	  0.011436	 -0.088852	 -0.095935	 -0.012043	  0.051422	 -0.011366	 -0.000854	 -0.049623	  0.033478	  0.193125	 -0.544048	 -0.928753	 -1.741132	 -1.629345
 -0.016562	  0.003258	  0.031194	  0.008553	 -0.100351	 -0.076041	 -0.011092	  0.061845	 -0.005062	  0.006781	 -0.094258	  0.052865	  0.077689	 -0.783539	 -1.207272	 -1.737584	 -1.693716
 -0.017449	 -0.011156	  0.010413	 -0.017455	 -0.090626	 -0.064098	 -0.004566	  0.045150	 -0.022802	  0.025820	 -0.089348	  0.018019	 -0.046872	 -1.000980	 -1.225012	 -1.589075	 -1.498575
 -0.017227	 -0.025918	  0.009969	 -0.036209	 -0.098736	 -0.065587	 -0.033552	  0.049712	 -0.044692	 -0.005289	 -0.106835	 -0.030703	 -0.210840	 -1.105900	 -1.134791	 -1.528759	 -1.339422
 -0.005157	 -0.016731	  0.029135	 -0.023632	 -0.098736	 -0.065746	 -0.041060	  0.041190	 -0.065347	 -0.016693	 -0.112157	 -0.056489	 -0.397110	 -1.181675	 -1.039248	 -1.486183	 -1.245146
 -0.000817	 -0.033236	  0.040159	 -0.029746	 -0.089549	 -0.072430	 -0.026456	  0.039670	 -0.057744	 -0.027242	 -0.145989	 -0.138917	 -0.523318	 -1.198148	 -0.891246	 -1.376701	 -1.020102
  0.015909	 -0.016921	  0.065882	 -0.022175	 -0.100447	 -0.075218	 -0.012930	  0.026460	 -0.074692	 -0.023124	 -0.190593	 -0.176741	 -0.657128	 -1.048118	 -0.734373	 -1.127327	 -0.677973
  0.009953	  0.011526	  0.049029	 -0.063642	 -0.085146	 -0.028935	 -0.007069	  0.031718	 -0.074945	 -0.033831	 -0.190688	 -0.219824	 -0.649779	 -0.960939	 -0.532137	 -0.876940	 -0.289720
  0.000703	  0.028189	  0.033221	 -0.076726	 -0.110045	 -0.045186	 -0.023447	  0.022120	 -0.077891	 -0.031550	 -0.186411	 -0.242316	 -0.597572	 -0.812936	 -0.400608	 -0.611346	 -0.022099
 -0.013362	  0.051441	  0.031004	 -0.067729	 -0.100795	 -0.064859	 -0.035358	  0.009543	 -0.061070	 -0.025848	 -0.213496	 -0.223309	 -0.487711	 -0.502739	 -0.173029	 -0.345246	  0.199398
 -0.018779	  0.062149	 -0.027918	 -0.076884	 -0.107416	 -0.070878	 -0.047713	  0.004601	 -0.093065	  0.000508	 -0.215492	 -0.220014	 -0.352634	 -0.285044	  0.063674	 -0.096379	  0.493882
 -0.025083	  0.069276	 -0.029249	 -0.046599	 -0.112611	 -0.098660	 -0.026646	  0.024939	 -0.070320	  0.015271	 -0.157805	 -0.199360	 -0.265834	 -0.092185	  0.333576	  0.136269	  0.632761
 -0.028916	  0.067692	 -0.001625	 -0.017138	 -0.103012	 -0.088903	 -0.026551	  0.041444	 -0.079190	  0.036971	 -0.161702	 -0.110850	 -0.051814	 -0.000950	  0.582189	  0.404903	  0.971849
 -0.017290	  0.044440	  0.018111	 -0.026040	 -0.124174	 -0.095682	 -0.042454	 -0.017320	 -0.083403	  0.028354	 -0.149664	 -0.059784	  0.068565	  0.273260	  0.762377	  0.672017	  1.214634
 -0.001863	  0.021378	  0.024573	 -0.039186	 -0.111471	 -0.079748	 -0.044767	 -0.003603	 -0.063858	  0.055091	 -0.143518	  0.030373	  0.271435	  0.530997	  0.933695	  0.978159	  1.417377
 -0.028093	 -0.000797	  0.010349	 -0.056800	 -0.121861	 -0.065746	 -0.044165	 -0.018144	 -0.059898	  0.035577	 -0.134617	  0.122748	  0.375721	  0.799124	  1.052807	  1.174820	  1.608462
 -0.033826	 -0.000987	 -0.002956	 -0.072227	 -0.121766	 -0.033402	 -0.058008	 -0.021217	 -0.026414	  0.028132	 -0.137404	  0.186042	  0.551220	  0.873126	  1.220577	  1.373001	  1.620120
 -0.029550	 -0.021039	 -0.037992	 -0.081256	 -0.119074	 -0.054627	 -0.078853	 -0.031576	 -0.017924	  0.030730	 -0.069295	  0.285386	  0.730268	  1.021382	  1.366805	  1.398344	  1.762547
 -0.043805	 -0.033394	 -0.030072	 -0.079482	 -0.115082	 -0.056052	 -0.069444	 -0.007563	 -0.028980	  0.055312	 -0.049148	  0.365596	  0.820362	  1.149616	  1.509739	  1.378070	  1.693614
 -0.027237	 -0.008843	 -0.025067	 -0.062502	 -0.105864	 -0.087636	 -0.080627	 -0.015831	 -0.048525	  0.074225	 -0.015949	  0.464750	  0.881185	  1.217789	  1.545219	  1.351206	  1.644449
 -0.019920	 -0.024714	 -0.031751	 -0.089777	 -0.097722	 -0.079716	 -0.071630	  0.010145	 -0.051503	  0.085375	  0.019436	  0.506249	  0.926675	  1.265433	  1.497574	  1.164176	  1.404198
 -0.035030	 -0.007956	 -0.028869	 -0.095986	 -0.100637	 -0.052124	 -0.074640	  0.005140	 -0.051281	  0.057181	  0.062931	  0.563398	  0.951384	  1.204104	  1.383785	  0.991844	  1.239977
 -0.022485	 -0.002191	 -0.021899	 -0.090442	 -0.135261	 -0.076485	 -0.057026	  0.004760	 -0.050679	  0.056041	  0.068348	  0.576956	  0.927309	  1.172679	  1.173439	  0.784540	  1.031658
 -0.019888	 -0.025379	 -0.028679	 -0.087876	 -0.168049	 -0.072747	 -0.058072	 -0.008324	 -0.047480	  0.090887	  0.097778	  0.616491	  0.884986	  1.150630	  0.965374	  0.470288	  0.804586
 -0.021598	 -0.023827	 -0.023483	 -0.089207	 -0.175050	 -0.056591	 -0.045337	  0.005615	 -0.035632	  0.116135	  0.121410	  0.626882	  0.845958	  1.024676	  0.766432	  0.324313	  0.616035
 -0.024228	 -0.024809	 -0.032195	 -0.076916	 -0.160002	 -0.038534	 -0.062253	 -0.009084	 -0.031704	  0.106062	  0.164334	  0.637716	  0.790964	  0.838152	  0.580922	  0.090651	  0.385921
 -0.030690	 -0.043151	 -0.031625	 -0.072734	 -0.113340	 -0.035968	 -0.085252	 -0.037373	 -0.063161	  0.083855	  0.161420	  0.589247	  0.693014	  0.617923	  0.426837	 -0.180010	  0.218658
 -0.041683	 -0.082401	 -0.007739	 -0.051731	 -0.133836	 -0.041987	 -0.072707	 -0.021027	 -0.067849	  0.071215	  0.180205	  0.520631	  0.636626	  0.370323	  0.189882	 -0.409110	 -0.002838
 -0.042855	 -0.107364	 -0.009355	 -0.044699	 -0.155155	 -0.050192	 -0.066561	  0.001085	 -0.075959	  0.080085	  0.167249	  0.438711	  0.470630	  0.201032	  0.014002	 -0.646826	 -0.349529
 -0.036868	 -0.109739	 -0.018130	 -0.022048	 -0.154617	 -0.062483	 -0.080152	  0.005963	 -0.053435	  0.061870	  0.184228	  0.373199	  0.294750	  0.038078	 -0.211043	 -0.818651	 -0.536560
 -0.055558	 -0.079106	 -0.008024	 -0.024931	 -0.153445	 -0.040244	 -0.067765	 -0.011460	 -0.057015	  0.065545	  0.158094	  0.292799	  0.136738	 -0.193556	 -0.372224	 -0.998079	 -0.760591
 -0.048240	 -0.058230	 -0.006852	 -0.025786	 -0.151322	 -0.060709	 -0.069254	 -0.002115	 -0.065315	  0.042293	  0.129108	  0.198904	  0.010783	 -0.425190	 -0.463205	 -1.219069	 -0.946607
 -0.009656	 -0.030163	 -0.010242	 -0.053664	 -0.123445	 -0.071828	 -0.053763	  0.021708	 -0.072443	  0.036939	  0.068728	  0.101270	 -0.116184	 -0.641112	 -0.646940	 -1.312330	 -0.990197
 -0.039909	 -0.035548	 -0.041889	 -0.044825	 -0.098387	 -0.106073	 -0.069127	  0.013725	 -0.069021	  0.035925	  0.007335	  0.004080	 -0.301821	 -0.818765	 -0.746285	 -1.294084	 -0.858921
 -0.053816	 -0.015020	 -0.034666	 -0.021605	 -0.099338	 -0.094953	 -0.052243	  0.034886	 -0.034713	  0.081732	 -0.011038	 -0.108315	 -0.461354	 -0.917096	 -0.816484	 -1.180547	 -0.776303
 -0.048208	 -0.015210	 -0.041128	 -0.023315	 -0.097437	 -0.083296	 -0.054809	  0.011571	 -0.035189	  0.080940	 -0.038377	 -0.192581	 -0.593391	 -1.014666	 -0.795957	 -1.064984	 -0.602958
 -0.068388	  0.003385	 -0.021329	 -0.016188	 -0.101080	 -0.089188	 -0.064407	 -0.001069	 -0.026224	  0.051954	 -0.079908	 -0.298007	 -0.661183	 -1.041022	 -0.759716	 -0.944352	 -0.460531
 -0.110584	  0.004240	 -0.008056	 -0.042639	 -0.082928	 -0.081458	 -0.048441	  0.008181	 -0.040827	  0.055883	 -0.120488	 -0.393550	 -0.716304	 -1.045077	 -0.678366	 -0.652402	 -0.219773
 -0.106402	 -0.002761	 -0.021393	 -0.032787	 -0.089961	 -0.076168	 -0.081292	  0.005488	 -0.029201	  0.036242	 -0.176591	 -0.466220	 -0.765342	 -0.989830	 -0.604871	 -0.457768	 -0.081401
 -0.094491	 -0.015844	 -0.035395	 -0.043907	 -0.091165	 -0.092609	 -0.085632	 -0.014786	 -0.042190	  0.046126	 -0.203328	 -0.541615	 -0.718965	 -0.827635	 -0.454335	 -0.340178	  0.002737
 -0.107606	 -0.018473	 -0.053546	 -0.041531	 -0.081851	 -0.134330	 -0.074608	 -0.013867	 -0.035632	  0.060793	 -0.248089	 -0.545163	 -0.644077	 -0.759716	 -0.238667	 -0.320410	  0.108163
 -0.076276	 -0.031398	 -0.024782	 -0.048373	 -0.085241	 -0.127677	 -0.063299	 -0.013899	 -0.029581	  0.045587	 -0.290095	 -0.573674	 -0.495567	 -0.701428	 -0.028574	 -0.238806	  0.085862
 -0.070003	 -0.043183	 -0.003811	 -0.045047	 -0.081376	 -0.127329	 -0.073214	  0.037294	 -0.042475	  0.044890	 -0.296748	 -0.579060	 -0.429042	 -0.511356	  0.037571	 -0.211943	  0.063560
 -0.116571	 -0.028072	 -0.021298	 -0.075870	 -0.070985	 -0.110508	 -0.116867	  0.049997	 -0.037153	  0.038111	 -0.291457	 -0.559419	 -0.351620	 -0.275414	 -0.012608	 -0.305204	 -0.139690
 -0.094618	 -0.034946	 -0.040178	 -0.076409	 -0.058314	 -0.080825	 -0.126909	  0.047653	 -0.006741	  0.021258	 -0.321172	 -0.564361	 -0.226173	 -0.164665	  0.043907	 -0.341698	 -0.304926
 -0.113403	 -0.020184	 -0.028362	 -0.089682	 -0.075610	 -0.058080	 -0.126497	  0.043946	 -0.036836	  0.007003	 -0.350633	 -0.495808	 -0.114537	 -0.122596	  0.081161	 -0.468412	 -0.608026
 -0.115430	 -0.028579	 -0.021963	 -0.098552	 -0.070288	 -0.069040	 -0.108631	  0.050219	 -0.040162	  0.002694	 -0.373030	 -0.445693	 -0.031919	 -0.145912	  0.043653	 -0.613374	 -0.957251
 -0.093984	 -0.014640	 -0.004254	 -0.091551	 -0.083023	 -0.040466	 -0.105494	  0.047146	 -0.027111	 -0.014159	 -0.368310	 -0.394183	  0.020794	 -0.151234	 -0.003992	 -0.746677	 -1.124008
 -0.062464	  0.012096	  0.015925	 -0.078373	 -0.075230	 -0.020667	 -0.104132	  0.044611	 -0.039940	 -0.031740	 -0.395902	 -0.319675	  0.052599	 -0.251845	 -0.198118	 -0.803445	 -1.195474
 -0.063731	  0.001864	  0.031701	 -0.068172	 -0.063351	 -0.021174	 -0.095737	  0.044168	 -0.054798	 -0.010326	 -0.387095	 -0.192074	  0.038787	 -0.283523	 -0.210536	 -1.111615	 -1.330805
 -0.040859	 -0.007323	  0.019980	 -0.097792	 -0.075135	 -0.023201	 -0.088071	  0.036280	 -0.061672	 -0.019069	 -0.375596	 -0.150385	 -0.005816	 -0.381600	 -0.393005	 -1.176493	 -1.453972
 -0.060278	 -0.018157	  0.010096	 -0.106472	 -0.068388	 -0.028428	 -0.096688	  0.030134	 -0.071999	 -0.019988	 -0.340844	 -0.100206	 -0.044971	 -0.426711	 -0.508315	 -1.425360	 -1.554837
 -0.055748	 -0.049518	  0.022862	 -0.106250	 -0.070985	 -0.018703	 -0.105083	  0.039131	 -0.090436	 -0.013969	 -0.323738	 -0.058137	 -0.093376	 -0.576994	 -0.598536	 -1.503923	 -1.619207
 -0.042285	 -0.023479	  0.012282	 -0.086799	 -0.103139	 -0.025577	 -0.121334	  0.041507	 -0.102822	 -0.040230	 -0.305206	 -0.041220	 -0.168011	 -0.747805	 -0.748819	 -1.600226	 -1.673441
 -0.074819	 -0.024841	  0.010349	 -0.067665	 -0.107638	 -0.050825	 -0.094090	  0.068244	 -0.106054	 -0.050177	 -0.289082	 -0.065359	 -0.244800	 -0.806601	 -0.911520	 -1.714775	 -1.813334
 -0.093889	 -0.012708	  0.019219	 -0.070010	 -0.096582	 -0.035714	 -0.052908	  0.081770	 -0.103203	 -0.025690	 -0.263105	 -0.075053	 -0.287502	 -0.905184	 -1.005035	 -1.797900	 -1.911157
 -0.082263	 -0.020944	  0.005883	 -0.082586	 -0.114734	 -0.042335	 -0.071693	  0.046702	 -0.108841	 -0.025436	 -0.246886	 -0.090005	 -0.360997	 -1.000727	 -1.046851	 -1.872408	 -1.811306
 -0.059898	 -0.043024	  0.023116	 -0.094402	 -0.088757	 -0.043317	 -0.066308	  0.017590	 -0.119169	 -0.024074	 -0.213085	 -0.135939	 -0.391155	 -1.045331	 -0.996165	 -1.906874	 -1.897472
 -0.055558	 -0.060828	  0.010064	 -0.094371	 -0.096360	 -0.026401	 -0.067860	  0.036913	 -0.088504	  0.002504	 -0.179727	 -0.138030	 -0.466043	 -1.029871	 -0.978932	 -1.934245	 -1.897472
 -0.084924	 -0.036340	 -0.007106	 -0.106282	 -0.093889	 -0.041575	 -0.087058	  0.044706	 -0.098673	  0.009252	 -0.165186	 -0.150195	 -0.537003	 -1.065858	 -0.941678	 -1.893189	 -1.903048
 -0.108968	 -0.039286	 -0.028869	 -0.101276	 -0.097279	 -0.024057	 -0.086994	  0.044580	 -0.078208	 -0.009154	 -0.166390	 -0.203605	 -0.538143	 -1.150250	 -0.967021	 -1.784722	 -1.863513
 -0.100288	 -0.055601	 -0.004445	 -0.100136	 -0.089137	 -0.046770	 -0.083415	  0.034316	 -0.086476	 -0.002501	 -0.132684	 -0.207153	 -0.573370	 -1.159627	 -0.999460	 -1.714775	 -1.893417
 -0.096487	 -0.032475	  0.030592	 -0.094529	 -0.069275	 -0.046390	 -0.136413	  0.019395	 -0.086635	  0.006654	 -0.149664	 -0.269116	 -0.596432	 -1.121613	 -1.029618	 -1.703625	 -1.804717
 -0.109000	 -0.000892	  0.054414	 -0.116451	 -0.067469	 -0.038217	 -0.127226	  0.013915	 -0.068958	  0.026928	 -0.111301	 -0.298577	 -0.662197	 -1.170524	 -1.075995	 -1.842504	 -1.757580
 -0.135166	 -0.010997	  0.065945	 -0.111984	 -0.071017	 -0.021617	 -0.102675	  0.018445	 -0.053435	  0.039885	 -0.095969	 -0.291925	 -0.699324	 -1.124907	 -1.164696	 -1.873422	 -1.607550
 -0.121291	 -0.019519	  0.033253	 -0.093515	 -0.080331	 -0.023962	 -0.089307	  0.030546	 -0.040162	  0.046157	 -0.074807	 -0.295156	 -0.711235	 -1.120599	 -1.097283	 -1.853148	 -1.403286
 -0.107162	 -0.001367	  0.045988	 -0.080495	 -0.094238	 -0.047245	 -0.068652	  0.051042	 -0.038547	  0.061838	 -0.068187	 -0.342674	 -0.649272	 -1.117811	 -0.998193	 -1.770530	 -1.334860
 -0.118155	 -0.005960	  0.031194	 -0.074603	 -0.073488	 -0.051871	 -0.068842	  0.081390	 -0.030057	  0.031173	 -0.053709	 -0.357373	 -0.660043	 -1.088160	 -0.906198	 -1.689433	 -1.310531
 -0.105293	 -0.004281	  0.035059	 -0.079893	 -0.082516	 -0.040054	 -0.074291	  0.060356	 -0.026002	  0.020498	 -0.068313	 -0.356422	 -0.671574	 -0.982480	 -0.833464	 -1.453237	 -1.131104
 -0.099116	  0.004747	  0.049377	 -0.063706	 -0.075420	 -0.048861	 -0.074766	  0.031718	 -0.021725	  0.005989	 -0.063530	 -0.404827	 -0.603781	 -0.977412	 -0.721449	 -1.354907	 -0.957251
 -0.093351	  0.006236	  0.020613	 -0.061805	 -0.075991	 -0.049716	 -0.085885	  0.044706	 -0.015136	  0.009600	 -0.080161	 -0.394183	 -0.548154	 -0.958151	 -0.727784	 -1.130369	 -0.620191
 -0.097722	 -0.003838	  0.004647	 -0.066652	 -0.102981	 -0.056242	 -0.074101	  0.066311	 -0.026699	 -0.003863	 -0.073762	 -0.378154	 -0.506211	 -0.920897	 -0.534418	 -1.009736	 -0.490435
 -0.083657	 -0.017998	 -0.018605	 -0.063547	 -0.088250	 -0.037362	 -0.062285	  0.081644	 -0.028536	 -0.004148	 -0.015062	 -0.373465	 -0.488598	 -0.801025	 -0.470047	 -0.971215	 -0.308980
 -0.109031	 -0.025348	 -0.008499	 -0.079133	 -0.080267	 -0.022188	 -0.045337	  0.073344	 -0.020965	  0.003898	  0.006353	 -0.341913	 -0.470098	 -0.725503	 -0.397060	 -0.858186	 -0.253226
 -0.114480	  0.001801	  0.024605	 -0.082016	 -0.074628	 -0.012336	 -0.048726	  0.077209	 -0.013362	 -0.008076	 -0.021461	 -0.320055	 -0.402306	 -0.560775	 -0.426964	 -0.720828	 -0.160978
 -0.095631	  0.018812	  0.027202	 -0.066145	 -0.076371	 -0.057921	 -0.032285	  0.075910	 -0.020870	  0.024521	 -0.030806	 -0.314353	 -0.329572	 -0.533151	 -0.396299	 -0.691937	 -0.065182
 -0.098989	 -0.010110	  0.015228	 -0.059714	 -0.086635	 -0.054880	 -0.005137	  0.068909	 -0.012475	 -0.019069	 -0.051144	 -0.239085	 -0.297639	 -0.489308	 -0.326353	 -0.608812	  0.024532
 -0.085494	  0.009119	  0.007720	 -0.057718	 -0.089612	 -0.062356	 -0.010237	  0.049553	 -0.025875	 -0.005415	 -0.103635	 -0.207786	 -0.261399	 -0.383121	 -0.293407	 -0.502372	 -0.102182
 -0.103899	  0.028348	  0.004330	 -0.057370	 -0.104533	 -0.062071	 -0.013151	  0.030134	 -0.029486	 -0.017263	 -0.093625	 -0.172306	 -0.151031	 -0.366141	 -0.244749	 -0.514030	 -0.138169
 -0.106877	  0.025877	  0.003348	 -0.094466	 -0.084734	 -0.062198	 -0.014419	  0.016132	 -0.024545	 -0.020970	 -0.102304	 -0.150321	 -0.076016	 -0.434821	 -0.113219	 -0.470440	 -0.077853
 -0.114100	  0.033638	  0.009969	 -0.093800	 -0.101207	 -0.060170	 -0.035738	  0.006312	 -0.052612	 -0.011403	 -0.096729	 -0.129413	 -0.057769	 -0.374758	 -0.088130	 -0.421275	 -0.001825
 -0.119644	  0.038358	 -0.004286	 -0.126303	 -0.076466	 -0.061944	 -0.045432	 -0.020583	 -0.055241	  0.014257	 -0.072368	 -0.084620	 -0.060177	 -0.388696	 -0.052143	 -0.567757	 -0.037305
 -0.104501	  0.038041	 -0.017781	 -0.113948	 -0.092812	 -0.066316	 -0.036403	 -0.022357	 -0.076117	 -0.004402	 -0.062516	  0.030627	 -0.056375	 -0.398834	 -0.062787	 -0.530756	 -0.021085
 -0.114765	  0.016088	 -0.026746	 -0.082649	 -0.105103	 -0.052156	 -0.047871	 -0.013836	 -0.075674	 -0.026197	 -0.040183	  0.058377	 -0.006957	 -0.494123	 -0.041752	 -0.424316	 -0.068730
 -0.107226	  0.028949	 -0.010558	 -0.085532	 -0.091640	 -0.045598	 -0.014925	 -0.007342	 -0.087205	 -0.033356	 -0.035874	  0.066931	 -0.067019	 -0.475623	 -0.002978	 -0.360452	  0.040751
 -0.085146	  0.036045	 -0.003431	 -0.096461	 -0.084290	 -0.013951	 -0.003553	 -0.008767	 -0.076339	 -0.038266	 -0.047944	  0.095505	 -0.024823	 -0.389203	 -0.019451	 -0.294053	 -0.013989
 -0.083372	  0.000914	  0.025112	 -0.083030	 -0.099433	  0.000716	  0.012857	 -0.014247	 -0.062147	 -0.052965	 -0.048736	  0.111914	 -0.059543	 -0.338771	  0.003104	 -0.280368	 -0.026154
 -0.079285	  0.003100	  0.037213	 -0.057465	 -0.102316	 -0.024247	  0.023374	 -0.002716	 -0.069972	 -0.048150	 -0.064195	  0.081566	 -0.092869	 -0.309627	  0.027941	 -0.272259	  0.042272
 -0.056603	 -0.012106	  0.056854	 -0.057465	 -0.064428	 -0.004258	  0.017799	 -0.023276	 -0.058251	 -0.047200	 -0.051872	  0.050965	 -0.129363	 -0.301517	  0.079893	 -0.298615	  0.061026
 -0.065949	 -0.026298	  0.024351	 -0.073716	 -0.074533	  0.005214	 -0.005770	 -0.037468	 -0.029423	 -0.065256	 -0.040690	  0.068071	 -0.142794	 -0.211296	  0.100421	 -0.245902	  0.066094
 -0.071239	 -0.007037	  0.054763	 -0.077232	 -0.092654	  0.008667	 -0.002824	 -0.019253	 -0.018367	 -0.051603	 -0.033213	  0.045136	 -0.088561	 -0.214084	  0.117654	 -0.195723	  0.110698
 -0.077321	  0.011336	  0.075512	 -0.085025	 -0.097786	 -0.010878	 -0.013785	 -0.014216	 -0.053214	 -0.051159	 -0.023868	 -0.017461	 -0.032933	 -0.068109	  0.093325	 -0.256546	  0.116273
 -0.072791	  0.014029	  0.057677	 -0.052840	 -0.076909	 -0.012367	 -0.005644	 -0.026697	 -0.066202	 -0.051571	 -0.035811	 -0.025381	 -0.069807	 -0.052903	  0.176196	 -0.246409	  0.052916
 -0.098356	 -0.027090	  0.041173	 -0.049038	 -0.074312	 -0.014902	  0.026035	 -0.032621	 -0.040859	 -0.036619	 -0.066286	 -0.099509	 -0.037241	 -0.050116	  0.337124	 -0.198764	  0.017943
 -0.084227	  0.000851	  0.028216	 -0.036589	 -0.058314	  0.022986	  0.048115	 -0.033033	 -0.026509	 -0.044697	 -0.075029	 -0.075623	 -0.070187	 -0.082554	  0.329014	 -0.269217	  0.050382
 -0.078557	  0.005666	  0.012218	 -0.038616	 -0.065093	  0.014116	  0.042255	 -0.023149	 -0.021472	 -0.047104	 -0.099485	 -0.087724	 -0.020515	 -0.053917	  0.414419	 -0.350822	  0.016422
 -0.080141	  0.003543	 -0.007517	 -0.034086	 -0.065188	  0.019406	  0.043807	 -0.037405	  0.006722	 -0.043018	 -0.103096	 -0.124915	 -0.004296	 -0.017423	  0.363734	 -0.308245	 -0.129046
 -0.067279	 -0.037702	  0.009146	 -0.020401	 -0.044914	  0.026090	  0.047165	 -0.049949	  0.005360	 -0.024106	 -0.114818	 -0.048063	 -0.025203	 -0.006272	  0.332055	 -0.290505	 -0.047949
 -0.058757	 -0.011916	  0.020550	 -0.045776	 -0.020711	  0.014655	  0.023152	 -0.025683	  0.014769	  0.002789	 -0.115008	 -0.050597	 -0.046238	  0.016283	  0.241074	 -0.298615	 -0.035784
 -0.077099	 -0.008400	  0.015766	 -0.067887	 -0.040416	 -0.008281	  0.022772	 -0.011491	  0.017968	 -0.009692	 -0.110224	 -0.064156	 -0.044844	  0.022112	  0.244876	 -0.174435	  0.038724
 -0.054354	 -0.005612	  0.014848	 -0.057940	 -0.035822	 -0.023930	  0.037186	 -0.009432	 -0.004460	  0.014479	 -0.136866	 -0.121050	 -0.066893	 -0.079513	  0.334843	 -0.246916	  0.128945
 -0.077606	 -0.015084	 -0.006947	 -0.056610	 -0.043298	 -0.025704	  0.038168	  0.003999	 -0.004175	  0.033327	 -0.131195	 -0.129287	 -0.024697	 -0.095986	  0.370576	 -0.265669	  0.188247
 -0.074850	 -0.015147	  0.008227	 -0.053442	 -0.072189	 -0.025102	  0.032593	  0.018698	  0.010460	  0.001712	 -0.144469	 -0.113321	 -0.018107	 -0.010834	  0.398453	 -0.322437	  0.208014
 -0.056762	 -0.011092	  0.026474	 -0.029429	 -0.059898	 -0.026338	  0.012920	  0.015309	 -0.009180	  0.002473	 -0.145894	 -0.099699	 -0.002015	  0.006399	  0.508442	 -0.241340	  0.215110
 -0.071302	 -0.005010	  0.042250	 -0.033991	 -0.045167	 -0.035873	 -0.003394	  0.006059	 -0.016783	 -0.017929	 -0.156823	 -0.112941	  0.052346	  0.010961	  0.593087	 -0.094352	  0.217138
 -0.062971	  0.006363	 -0.013663	 -0.051636	 -0.058789	 -0.035176	  0.019699	 -0.031449	 -0.007787	 -0.004877	 -0.160910	 -0.110470	  0.097709	  0.042639	  0.583963	  0.016650	  0.349935
 -0.069243	  0.003131	  0.005249	 -0.057085	 -0.053562	 -0.017911	  0.026130	 -0.061512	 -0.018684	 -0.008235	 -0.145482	 -0.094440	  0.155871	  0.088510	  0.530997	  0.125118	  0.338277
 -0.077004	 -0.013785	 -0.003051	 -0.059176	 -0.068831	 -0.017594	  0.016500	 -0.027964	 -0.021598	  0.007414	 -0.164711	 -0.085380	  0.210612	  0.080654	  0.550511	  0.340532	  0.363620
 -0.062907	 -0.018442	  0.011205	 -0.075807	 -0.045452	 -0.043127	  0.026067	 -0.019348	 -0.032179	  0.045207	 -0.147605	 -0.036025	  0.244191	  0.219279	  0.617669	  0.374999	  0.392004
 -0.060531	 -0.011092	  0.011870	 -0.080400	 -0.043140	 -0.053930	  0.013142	 -0.027077	 -0.029043	  0.044763	 -0.136169	  0.002433	  0.215554	  0.280356	  0.646307	  0.279203	  0.475635
 -0.065347	 -0.020057	  0.018269	 -0.060411	 -0.040764	 -0.025577	  0.012382	 -0.034934	 -0.024545	  0.051036	 -0.140065	  0.005157	  0.208331	  0.286184	  0.659485	  0.182393	  0.409237
 -0.046213	 -0.034946	  0.006738	 -0.071942	 -0.052897	 -0.030773	  0.023501	 -0.030055	 -0.052517	  0.039600	 -0.103160	 -0.027028	  0.167783	  0.268951	  0.615389	  0.153502	  0.384401
 -0.056065	 -0.024936	  0.014278	 -0.052967	 -0.057839	 -0.007077	  0.004842	 -0.020013	 -0.051281	  0.042926	 -0.092801	 -0.046415	  0.172218	  0.371337	  0.627807	  0.093186	  0.346893
 -0.057554	 -0.013310	  0.044784	 -0.045807	 -0.073203	 -0.000108	  0.003638	 -0.019918	 -0.018114	  0.042261	 -0.080890	  0.003193	  0.229239	  0.314315	  0.569011	 -0.090804	  0.317496
 -0.061387	 -0.001304	  0.062271	 -0.036716	 -0.058726	  0.002300	 -0.013436	 -0.022611	 -0.008515	  0.080529	 -0.058651	  0.000025	  0.255342	  0.242088	  0.520860	 -0.088776	  0.230823
 -0.043615	  0.006489	  0.055238	 -0.042798	 -0.071904	 -0.014490	 -0.004471	 -0.035472	  0.009637	  0.092883	 -0.077785	  0.021187	  0.253822	  0.237273	  0.574586	 -0.045693	  0.173041
 -0.054481	  0.009816	  0.039272	 -0.054360	 -0.073900	 -0.023011	  0.006679	 -0.042125	  0.020502	  0.098744	 -0.081745	  0.088535	  0.306155	  0.259321	  0.558874	  0.021212	  0.026052
 -0.048177	  0.005096	  0.033855	 -0.078911	 -0.083593	 -0.052504	  0.023627	 -0.034934	  0.000006	  0.082398	 -0.077817	  0.085051	  0.292470	  0.287705	  0.553045	  0.021212	 -0.017030
 -0.026192	 -0.004060	  0.004489	 -0.061742	 -0.084037	 -0.049716	 -0.015369	 -0.029738	 -0.023024	  0.073243	 -0.061851	  0.095251	  0.324528	  0.291507	  0.546202	  0.068350	 -0.043387
 -0.027427	  0.004494	 -0.000643	 -0.038933	 -0.081249	 -0.070529	  0.004779	 -0.038418	 -0.001863	  0.066717	 -0.024407	  0.104691	  0.375467	  0.231190	  0.570278	  0.038952	 -0.071771
 -0.044502	  0.001801	 -0.024180	 -0.008712	 -0.067279	 -0.062483	 -0.005073	 -0.000974	 -0.022454	  0.056580	 -0.011925	  0.112674	  0.407780	  0.242595	  0.596635	  0.047062	  0.022504
 -0.036868	  0.016531	 -0.020157	 -0.020306	 -0.068483	 -0.058713	 -0.034186	 -0.014501	 -0.037628	  0.051099	 -0.031408	  0.123192	  0.391940	  0.269458	  0.611841	  0.064802	 -0.004359
 -0.052010	  0.007028	 -0.030136	 -0.030000	 -0.074090	 -0.047942	 -0.045622	 -0.020266	 -0.051661	  0.044098	 -0.014365	  0.139031	  0.349744	  0.303671	  0.629327	 -0.046707	  0.061026
 -0.062274	 -0.006816	 -0.008278	 -0.039788	 -0.070700	 -0.031691	 -0.042803	 -0.020742	 -0.048050	  0.050402	 -0.020542	  0.152589	  0.402458	  0.307219	  0.590299	 -0.061406	 -0.042880
 -0.042918	 -0.024461	 -0.000992	 -0.058922	 -0.091545	 -0.041892	 -0.056108	 -0.023529	 -0.049222	  0.041881	 -0.024153	  0.164944	  0.386745	  0.296829	  0.594861	 -0.091817	 -0.124991
 -0.020458	 -0.024271	  0.016717	 -0.050401	 -0.097564	 -0.028650	 -0.025316	 -0.006645	 -0.048462	  0.044225	  0.010693	  0.149992	  0.412975	  0.248930	  0.526942	 -0.163791	 -0.039839
 -0.020490	 -0.013056	  0.011331	 -0.037824	 -0.113530	 -0.012684	 -0.011916	  0.011032	 -0.059581	  0.041817	  0.008032	  0.134659	  0.421592	  0.201539	  0.475496	 -0.150106	 -0.146279
 -0.033763	 -0.007196	 -0.000358	 -0.036335	 -0.135768	 -0.043476	  0.012477	  0.007231	 -0.068419	  0.054615	 -0.002168	  0.159876	  0.399416	  0.099661	  0.485380	 -0.204340	 -0.211664
 -0.034967	 -0.010015	 -0.012713	 -0.032597	 -0.117521	 -0.035809	  0.035919	 -0.014754	 -0.060848	  0.051954	 -0.009264	  0.195736	  0.356840	  0.158203	  0.397440	 -0.230696	 -0.300364
 -0.023753	 -0.006594	 -0.016958	 -0.030760	 -0.095536	 -0.043983	  0.022170	 -0.035029	 -0.076276	  0.078596	 -0.032928	  0.185725	  0.352786	  0.155415	  0.427851	 -0.295067	 -0.364735
 -0.049824	  0.000375	 -0.025479	 -0.033263	 -0.090404	 -0.065777	  0.024705	 -0.043360	 -0.072379	  0.074826	 -0.054533	  0.154680	  0.356714	  0.159217	  0.383755	 -0.270231	 -0.374365
 -0.044090	  0.013427	 -0.042681	 -0.045554	 -0.101745	 -0.087065	  0.018591	 -0.001734	 -0.066740	  0.077931	 -0.049338	  0.146634	  0.325542	  0.080654	  0.408337	 -0.251984	 -0.353077
 -0.048874	 -0.001747	 -0.033367	 -0.032819	 -0.080394	 -0.081332	  0.008010	 -0.013329	 -0.042380	  0.054711	 -0.065716	  0.108556	  0.246726	  0.049735	  0.383755	 -0.249450	 -0.297323
 -0.070193	  0.018305	 -0.005933	 -0.036906	 -0.082263	 -0.078956	  0.008453	 -0.022991	 -0.067374	  0.056041	 -0.083614	  0.089296	  0.210612	  0.009187	  0.319891	 -0.258573	 -0.256774
 -0.033978	  0.036169	 -0.007058	 -0.014436	 -0.014661	  0.040498	  0.009933	 -0.016459	  0.001974	 -0.007734	 -0.017498	 -0.000152	 -0.023189	  0.041119	 -0.038458	  0.053093	  0.396971
 -0.011803	  0.023244	 -0.025875	 -0.011236	  0.001147	  0.034289	  0.017979	 -0.032140	  0.000168	 -0.010364	 -0.026589	 -0.001292	  0.026990	  0.056831	 -0.033643	  0.017613	  0.371628
 -0.001128	  0.006011	 -0.000564	 -0.014563	  0.013565	  0.014300	  0.036923	 -0.011042	  0.006852	  0.000154	 -0.017149	 -0.012633	  0.038775	  0.010961	 -0.055184	 -0.026990	  0.229708
 -0.009079	 -0.006344	  0.029943	 -0.011300	  0.000830	  0.002610	  0.016364	 -0.006321	  0.029217	  0.042603	  0.007085	 -0.002116	  0.037381	 -0.015903	 -0.009060	 -0.009757	  0.212475
 -0.012976	  0.011935	  0.001337	  0.000136	  0.009003	 -0.012627	  0.003249	 -0.030049	  0.032322	  0.034525	 -0.024815	  0.020439	  0.010897	 -0.048088	 -0.004245	 -0.036114	  0.097418
 -0.006703	  0.031449	 -0.000501	 -0.023433	 -0.009180	 -0.008699	  0.008697	 -0.026849	  0.013663	  0.025655	 -0.006157	  0.013153	  0.018627	 -0.101308	 -0.099027	  0.038394	 -0.050078
  0.008914	  0.002970	  0.018887	  0.007042	 -0.038293	 -0.014243	 -0.008853	 -0.043100	  0.025194	  0.006394	  0.011520	 -0.027649	  0.013178	 -0.096746	 -0.088890	  0.011531	  0.030006
  0.010752	  0.001766	  0.047302	  0.014518	 -0.010099	 -0.013831	 -0.010690	 -0.052034	  0.015310	 -0.035612	 -0.013633	 -0.044946	 -0.074508	 -0.032122	 -0.027560	 -0.024456	  0.051294
  0.008914	  0.004934	  0.045940	  0.014803	  0.001242	 -0.006165	 -0.003594	 -0.008317	  0.020886	 -0.019107	 -0.027128	 -0.051535	 -0.020148	 -0.063547	  0.005132	 -0.004688	  0.019362
 -0.006165	  0.016212	  0.028612	 -0.003760	  0.021073	  0.001945	 -0.003721	  0.008694	  0.013821	  0.023564	 -0.012492	 -0.069845	 -0.003421	 -0.035924	  0.035797	 -0.014826	  0.022910
  0.010435	 -0.021233	  0.028327	 -0.017952	  0.028295	 -0.010758	 -0.018673	 -0.003185	  0.001182	  0.031547	  0.002016	 -0.057680	  0.015713	  0.023632	  0.041119	  0.051066	 -0.015104
  0.020224	 -0.035108	 -0.000025	 -0.026094	  0.013660	 -0.007115	 -0.017216	  0.013573	 -0.018491	  0.021949	  0.007085	 -0.035442	  0.004815	  0.053283	  0.071277	  0.017106	 -0.145874
  0.033529	 -0.025161	 -0.019761	 -0.004964	  0.010143	  0.007330	 -0.020035	  0.018863	  0.006250	  0.022012	  0.027961	 -0.008895	 -0.006969	  0.045681	  0.056831	  0.061710	 -0.074407
  0.034447	 -0.010905	 -0.018050	  0.001530	  0.000482	  0.018481	 -0.034291	 -0.001094	  0.006630	  0.000819	  0.013389	  0.011696	 -0.014319	  0.015016	  0.066462	  0.104793	 -0.080996
  0.012209	 -0.004253	 -0.002623	 -0.004235	  0.011442	  0.022093	 -0.015790	  0.025389	 -0.015925	 -0.005485	  0.003949	 -0.005727	  0.002661	  0.003105	  0.082935	  0.064244	 -0.157531
  0.011069	 -0.000863	 -0.017607	  0.013568	 -0.020680	 -0.003345	 -0.000394	  0.049623	 -0.018713	 -0.046097	  0.011140	  0.029816	 -0.031425	 -0.014382	  0.035797	 -0.015839	 -0.194532
  0.007014	 -0.006660	 -0.012285	  0.046324	 -0.000659	 -0.008255	  0.015540	  0.028398	 -0.039684	 -0.041599	  0.023083	  0.025064	 -0.014445	 -0.049355	  0.020845	 -0.121266	 -0.190984
 -0.006703	  0.009654	 -0.021630	  0.035109	 -0.027903	 -0.033313	  0.022763	  0.014650	 -0.028723	 -0.021990	  0.022988	  0.086964	  0.035353	 -0.005766	 -0.008046	 -0.077676	 -0.165134
 -0.035309	 -0.005457	 -0.037660	  0.010020	 -0.008800	 -0.020167	  0.015762	  0.018546	 -0.030149	 -0.009318	  0.015828	  0.108886	  0.008997	  0.117654	 -0.054677	 -0.038648	 -0.167669
 -0.033662	 -0.028360	 -0.036709	 -0.011078	  0.019394	 -0.003028	 -0.013953	  0.052854	 -0.021785	 -0.011916	 -0.000581	  0.021896	 -0.024963	  0.095859	  0.002598	 -0.049292	 -0.189463
 -0.012754	 -0.027822	 -0.015706	 -0.070127	  0.024399	  0.065397	 -0.043129	  0.076518	 -0.034679	 -0.015179	 -0.018701	  0.015624	 -0.010137	  0.120442	  0.004625	 -0.059429	 -0.164121
 -0.048329	 -0.041824	 -0.009371	 -0.024541	  0.031527	  0.062736	 -0.021809	  0.032073	 -0.055586	 -0.025601	 -0.031341	  0.021643	 -0.025089	  0.074065	  0.016283	 -0.108087	 -0.074407
 -0.031761	 -0.070746	 -0.016910	 -0.024731	  0.033332	  0.020477	 -0.003974	  0.022633	 -0.070254	 -0.010649	 -0.056621	  0.070618	 -0.016853	  0.052523	  0.037317	 -0.086799	 -0.158545
 -0.048266	 -0.067135	 -0.020046	  0.002956	  0.022942	  0.027066	 -0.015093	 -0.011485	 -0.059895	 -0.020628	 -0.062038	  0.076574	 -0.020401	  0.063927	  0.081414	 -0.109101	 -0.146887
 -0.048075	 -0.079109	  0.013628	 -0.007847	  0.008179	  0.015630	 -0.019623	 -0.018328	 -0.042503	 -0.036277	 -0.072428	  0.083099	  0.007096	  0.101435	  0.103209	 -0.072100	 -0.179833
 -0.024285	 -0.074864	  0.030545	 -0.001923	  0.025603	 -0.004232	  0.001411	  0.012211	 -0.048934	 -0.042422	 -0.044646	  0.066753	  0.019641	  0.055057	  0.072544	  0.032312	 -0.212272
 -0.026249	 -0.089278	  0.051357	 -0.010001	  0.008845	 -0.000653	  0.013861	  0.008156	 -0.033063	 -0.035168	 -0.042112	  0.093807	  0.016726	  0.088510	  0.064434	 -0.058415	 -0.193518
 -0.030335	 -0.094759	  0.035265	 -0.023496	  0.000482	 -0.023461	  0.008444	  0.021461	 -0.027329	 -0.011124	 -0.036853	  0.093807	  0.048658	  0.017550	  0.129819	 -0.082745	 -0.103804
 -0.030589	 -0.056332	  0.016701	 -0.009209	 -0.003700	 -0.036798	  0.001443	  0.022411	 -0.011585	 -0.010395	 -0.055068	  0.089245	  0.062724	  0.047455	  0.188361	 -0.087306	 -0.174258
  0.004004	 -0.048445	  0.004631	 -0.006896	 -0.002560	 -0.042373	 -0.017184	  0.007776	 -0.022387	  0.001104	 -0.026589	  0.059657	  0.043843	  0.063167	  0.233978	  0.009504	 -0.183381
  0.002864	 -0.041063	 -0.012190	 -0.012155	  0.006025	 -0.040599	 -0.029634	  0.002390	 -0.024003	 -0.010459	 -0.048669	  0.035328	  0.049292	  0.112839	  0.173155	  0.012545	 -0.218861
 -0.024285	 -0.050377	 -0.021947	 -0.011775	  0.020186	 -0.059511	 -0.009011	  0.007237	  0.000801	  0.021473	 -0.069229	  0.008084	 -0.017613	  0.091298	  0.165806	  0.053600	 -0.161079
 -0.015763	 -0.068117	  0.013406	 -0.022577	  0.040365	 -0.056407	  0.004801	  0.030362	  0.009798	  0.029076	 -0.080633	  0.031717	 -0.024329	  0.058859	  0.123990	  0.067792	 -0.058694
 -0.006323	 -0.073946	  0.025127	 -0.002208	  0.062825	 -0.057769	  0.009521	  0.025389	  0.000897	  0.009214	 -0.083864	  0.020249	 -0.052080	  0.091805	  0.121202	  0.062217	 -0.126613
  0.002008	 -0.104326	  0.022942	 -0.016305	  0.084588	 -0.064295	  0.009268	  0.030077	 -0.031923	 -0.021641	 -0.080063	  0.032540	 -0.070453	  0.086736	  0.066969	  0.105807	 -0.103804
  0.010435	 -0.106163	  0.001432	 -0.005661	  0.075528	 -0.057832	  0.006607	  0.038092	 -0.036706	 -0.040807	 -0.027698	  0.028169	 -0.061710	  0.098140	  0.078119	  0.087053	  0.026965
  0.007711	 -0.096501	  0.008876	 -0.003855	  0.056933	 -0.056153	 -0.005368	  0.038250	 -0.043675	 -0.028420	 -0.005143	  0.047999	 -0.027877	  0.118668	  0.102449	  0.027750	  0.131378
  0.025102	 -0.083639	 -0.017132	  0.018351	  0.046099	 -0.026407	  0.013861	  0.036065	 -0.025207	 -0.024207	 -0.027667	  0.046922	 -0.024076	  0.153641	  0.135141	  0.064244	  0.008211
  0.012082	 -0.080472	 -0.024228	  0.003367	  0.043818	 -0.006450	  0.010155	  0.014681	 -0.037149	 -0.026615	 -0.038532	  0.013406	 -0.007983	  0.140716	  0.157950	  0.035860	  0.090829
 -0.001064	 -0.070936	 -0.016942	  0.003399	  0.046764	  0.007489	 -0.005146	  0.017311	 -0.052450	 -0.010205	 -0.039293	  0.011759	  0.011784	  0.119428	  0.169354	  0.053600	  0.148611
 -0.011455	 -0.079046	 -0.002496	  0.001182	  0.038559	 -0.001698	 -0.016962	  0.013763	 -0.053084	 -0.012074	 -0.022123	 -0.004334	 -0.002281	  0.073051	  0.074065	  0.021161	  0.128336
 -0.021497	 -0.083259	 -0.011049	 -0.004489	  0.026300	 -0.009808	 -0.019465	 -0.005403	 -0.049251	 -0.013056	 -0.058173	 -0.075674	 -0.011404	  0.001837	  0.059112	  0.119999	 -0.055146
 -0.008667	 -0.063333	 -0.020458	 -0.007562	 -0.012158	 -0.011043	 -0.040626	 -0.019595	 -0.026252	 -0.022243	 -0.059155	 -0.114448	 -0.063991	 -0.008300	  0.034276	 -0.023949	 -0.093160
 -0.014559	 -0.067230	 -0.021947	 -0.006200	  0.014515	 -0.000558	 -0.026719	 -0.014083	 -0.015291	 -0.020532	 -0.073917	 -0.088155	 -0.058795	 -0.014129	  0.027180	 -0.066525	 -0.114955
 -0.009396	 -0.078317	 -0.013932	 -0.034267	  0.012804	  0.036285	 -0.032612	 -0.001886	 -0.020993	 -0.008400	 -0.074709	 -0.057997	 -0.052460	 -0.030348	  0.083695	  0.021161	 -0.066804
 -0.015415	 -0.088898	 -0.004587	 -0.045861	  0.031083	  0.037393	 -0.039771	 -0.016649	 -0.024003	 -0.000480	 -0.058585	 -0.065410	 -0.068552	 -0.001457	 -0.020971	  0.014065	 -0.054639
 -0.021814	 -0.113354	 -0.019318	 -0.033982	  0.019520	 -0.001413	 -0.035906	  0.009074	 -0.000561	  0.000280	 -0.064509	 -0.063129	 -0.045871	 -0.009314	 -0.047581	 -0.032059	 -0.057174
 -0.012722	 -0.110883	 -0.026984	  0.000105	 -0.005632	  0.015694	 -0.012211	  0.021492	 -0.005693	  0.016183	 -0.074297	 -0.076371	 -0.070580	 -0.030855	 -0.018944	 -0.050812	  0.019362
 -0.010346	 -0.096818	  0.031748	  0.009862	 -0.011240	 -0.008889	  0.009806	  0.025642	 -0.019473	  0.023501	 -0.039483	 -0.047480	 -0.083632	 -0.005766	 -0.031362	 -0.052333	 -0.035886
 -0.006893	 -0.073185	  0.040111	  0.001784	  0.004125	  0.000805	  0.003502	  0.027860	 -0.018364	  0.026225	 -0.045533	 -0.030373	 -0.053093	  0.009440	 -0.028321	 -0.035100	 -0.043488
  0.001407	 -0.072679	  0.012804	 -0.014531	  0.009415	  0.003529	  0.005529	 -0.004421	 -0.006770	  0.034050	 -0.011099	 -0.026952	 -0.082871	  0.024393	 -0.018944	  0.034846	 -0.057680
  0.018355	 -0.060292	  0.016986	 -0.008417	  0.032509	  0.011164	  0.040914	  0.017216	  0.012142	  0.044852	 -0.023548	 -0.010036	 -0.102385	  0.010961	  0.044667	  0.045490	 -0.065283
  0.026623	 -0.064506	  0.015180	  0.002227	  0.045117	 -0.004359	  0.013924	  0.034227	  0.010780	  0.030977	 -0.022028	 -0.014471	 -0.048658	  0.053537	  0.005639	 -0.106060	  0.046732
  0.068882	 -0.059912	 -0.003193	  0.023357	  0.033396	 -0.003440	  0.012435	  0.005811	  0.014423	  0.032909	 -0.046895	 -0.030373	 -0.039662	  0.143757	 -0.019958	 -0.018880	  0.069034
  0.055672	 -0.076163	 -0.008325	  0.032100	  0.031020	 -0.005373	 -0.013668	 -0.011992	  0.008911	  0.028791	 -0.060802	 -0.064396	 -0.019387	  0.113093	 -0.017423	  0.098711	  0.037102
  0.063243	 -0.066881	 -0.016340	  0.037010	  0.035993	 -0.001666	 -0.011894	  0.003784	  0.001213	  0.024103	 -0.057634	 -0.091260	  0.023062	  0.144264	 -0.029334	  0.203630	  0.014800
  0.051871	 -0.089532	 -0.022485	  0.028298	  0.038464	  0.031343	  0.005086	  0.005241	  0.011319	  0.029741	 -0.038532	 -0.065030	  0.033959	  0.104476	 -0.061773	  0.222891	 -0.053119
  0.039072	 -0.102647	 -0.018526	  0.009545	  0.032572	 -0.002046	  0.005434	  0.008251	  0.001245	  0.030407	 -0.039546	 -0.067754	  0.065004	  0.078119	 -0.061773	  0.215795	 -0.057174
  0.027668	 -0.116110	 -0.022390	  0.009038	  0.015180	  0.025641	  0.004452	  0.004608	 -0.009621	 -0.000892	 -0.043031	 -0.031451	 -0.014699	  0.143251	 -0.113726	  0.153451	 -0.027776
  0.028809	 -0.101094	 -0.005221	  0.020125	 -0.000342	  0.058967	  0.024853	 -0.004642	 -0.026442	 -0.004693	 -0.055797	 -0.023721	 -0.007856	  0.100421	 -0.149460	  0.195013	  0.030006
  0.024564	 -0.099764	  0.003871	  0.013283	  0.011316	  0.030868	  0.017536	  0.007047	 -0.031321	 -0.036499	 -0.061658	 -0.031007	 -0.061456	  0.085469	 -0.143124	  0.249247	  0.042171
  0.025672	 -0.124537	  0.023987	 -0.013676	  0.028454	  0.029505	  0.021559	  0.011545	 -0.008385	 -0.057216	 -0.056462	 -0.045262	 -0.042576	  0.111825	 -0.177083	  0.289796	  0.036595
  0.013856	 -0.101063	  0.031527	 -0.011838	  0.046035	  0.032166	  0.003470	  0.034956	 -0.007752	 -0.016604	 -0.026526	 -0.030057	 -0.100104	  0.095859	 -0.228783	  0.246713	  0.047239
 -0.001001	 -0.072805	  0.019552	 -0.017857	  0.044261	  0.011544	  0.014590	  0.050130	  0.021107	 -0.009097	 -0.047941	 -0.049951	 -0.166629	  0.138942	 -0.258941	  0.210219	  0.079171
  0.027541	 -0.081485	  0.019045	  0.005902	  0.041822	  0.039611	  0.034135	  0.050827	 -0.021754	 -0.016763	 -0.072840	 -0.093414	 -0.179681	  0.128552	 -0.235625	  0.162575	 -0.012063
  0.023455	 -0.088423	  0.028105	  0.000073	  0.026268	  0.038090	  0.035688	  0.058366	 -0.033411	  0.005127	 -0.089947	 -0.123699	 -0.134951	  0.228403	 -0.114486	  0.064244	 -0.057680
  0.016295	 -0.061179	  0.003333	  0.007486	  0.049995	  0.024152	  0.010978	  0.085166	 -0.014626	  0.027619	 -0.083991	 -0.089866	 -0.069313	  0.218012	 -0.103336	  0.085532	 -0.050584
  0.007014	 -0.050852	  0.010302	 -0.001891	  0.066405	  0.016612	  0.013101	  0.079274	 -0.009177	  0.019889	 -0.071225	 -0.106972	 -0.070453	  0.118921	 -0.004498	  0.121519	  0.001622
  0.001565	 -0.061686	  0.005202	  0.011731	  0.085982	  0.036316	 -0.008916	  0.078070	  0.016514	  0.020460	 -0.042365	 -0.112611	 -0.098457	  0.058605	  0.015776	  0.108341	 -0.019666
 -0.007844	 -0.068782	  0.014198	 -0.012599	  0.082117	  0.019273	  0.001316	  0.087289	  0.008309	  0.037123	 -0.044741	 -0.113688	 -0.039408	  0.040612	 -0.120315	  0.054107	 -0.109380
  0.019147	 -0.071285	  0.013565	 -0.014594	  0.060956	  0.028904	 -0.033118	  0.089855	  0.029597	  0.054704	 -0.037043	 -0.095061	 -0.004308	  0.129565	 -0.121076	 -0.040675	 -0.082010
 -0.007305	 -0.055541	  0.022878	 -0.016685	  0.054494	  0.013539	 -0.004481	  0.109527	  0.020791	  0.040164	 -0.035966	 -0.055400	  0.010264	  0.150854	 -0.131720	  0.019134	  0.028485
  0.001280	 -0.054844	  0.006057	 -0.020930	  0.066215	 -0.001635	 -0.037300	  0.108007	  0.026936	  0.011780	 -0.048289	 -0.017512	 -0.009123	  0.085976	 -0.091931	  0.007476	  0.030513
  0.013698	 -0.029913	  0.002160	 -0.007878	  0.107175	 -0.011138	  0.000524	  0.066919	  0.020886	 -0.010934	 -0.045502	  0.007261	  0.000253	  0.071277	 -0.066842	 -0.048785	  0.004663
 -0.017284	 -0.052531	  0.009922	 -0.023623	  0.087376	  0.012241	 -0.006255	  0.050066	  0.017876	  0.002878	 -0.065903	  0.014293	  0.003548	  0.064688	 -0.118034	 -0.020401	 -0.039434
 -0.010029	 -0.065171	  0.027693	 -0.037498	  0.099160	  0.036411	 -0.000584	  0.023805	  0.012396	  0.010893	 -0.079936	 -0.007438	 -0.052206	  0.051256	 -0.156809	 -0.085279	 -0.055653
 -0.032775	 -0.049838	  0.028074	 -0.041711	  0.111293	  0.042810	  0.024727	  0.036255	  0.032290	  0.020079	 -0.052534	 -0.024228	 -0.057908	  0.127285	 -0.101308	  0.084519	 -0.025242
 -0.028308	 -0.051739	  0.043184	 -0.016780	  0.103405	  0.048449	  0.033153	  0.042907	  0.024909	  0.002466	 -0.073157	 -0.050838	 -0.030158	  0.112586	 -0.062027	  0.207685	 -0.119517
 -0.006703	 -0.069321	  0.020281	 -0.029166	  0.104672	  0.041923	  0.045635	  0.058461	 -0.012630	  0.021790	 -0.070749	 -0.074977	  0.007730	  0.090284	 -0.123610	  0.189438	 -0.045009
 -0.014148	 -0.071887	  0.009573	 -0.009811	  0.107650	  0.042684	  0.060935	  0.054438	 -0.025492	  0.023406	 -0.084561	 -0.053309	 -0.028131	  0.142744	 -0.125637	  0.259891	 -0.037913
 -0.009934	 -0.107050	  0.015656	 -0.001733	  0.094694	  0.040149	  0.083110	  0.068282	 -0.012345	  0.021790	 -0.082249	 -0.053435	 -0.054614	  0.141983	 -0.084328	  0.317166	 -0.033351
 -0.015446	 -0.107652	  0.011981	  0.009830	  0.079139	  0.046390	  0.054980	  0.078324	 -0.007277	  0.032402	 -0.080190	 -0.098799	 -0.111762	  0.211423	 -0.065068	  0.312604	 -0.074407
 -0.026249	 -0.120197	 -0.008610	 -0.007087	  0.059625	  0.021332	  0.035244	  0.087954	 -0.005724	  0.013649	 -0.088743	 -0.109000	 -0.106947	  0.190642	 -0.008807	  0.252288	 -0.080489
 -0.013546	 -0.103724	 -0.036646	 -0.019346	  0.067292	  0.004955	  0.033818	  0.101037	 -0.004140	  0.018907	 -0.100401	 -0.049634	 -0.140146	  0.125004	 -0.012101	  0.311084	 -0.138271
 -0.053746	 -0.068465	 -0.052105	 -0.015386	  0.059816	  0.023993	  0.023966	  0.074934	  0.006377	  0.030343	 -0.114339	 -0.039053	 -0.159153	  0.083188	  0.028447	  0.375962	 -0.149422
 -0.032521	 -0.082436	 -0.038990	 -0.000529	  0.074008	  0.029252	  0.027103	  0.070594	 -0.000877	  0.043078	 -0.083801	 -0.045579	 -0.113536	  0.031489	 -0.026040	  0.382044	 -0.160066
 -0.030684	 -0.110820	 -0.027586	  0.059629	  0.070808	  0.016169	 -0.001186	  0.053551	  0.000263	  0.073173	 -0.070021	 -0.031767	 -0.057528	  0.028447	 -0.012355	  0.413469	 -0.161079
 -0.008889	 -0.112277	 -0.016657	  0.032734	  0.070365	  0.019748	  0.011327	  0.049655	  0.017338	  0.066584	 -0.087856	 -0.032971	 -0.036240	  0.022872	  0.024899	  0.371907	 -0.072886
  0.019685	 -0.103217	  0.001907	  0.037612	  0.097862	  0.028080	  0.015445	  0.062041	  0.033842	  0.043838	 -0.087254	 -0.028663	 -0.030792	  0.134887	 -0.000444	  0.251782	 -0.094681
 -0.000304	 -0.067040	  0.005518	  0.037644	  0.106383	  0.025482	  0.016395	  0.061027	  0.025542	  0.016722	 -0.067582	 -0.037786	 -0.005195	  0.213704	  0.022365	  0.283714	 -0.029296
  0.008598	 -0.052753	  0.017113	  0.047971	  0.095422	  0.010182	  0.000968	  0.045695	 -0.002588	  0.005951	 -0.055385	 -0.055653	 -0.054487	  0.262109	  0.010961	  0.262932	 -0.018146
 -0.010568	 -0.027917	  0.021294	  0.067548	  0.094884	 -0.030240	  0.019563	  0.049465	 -0.002271	 -0.004662	 -0.065744	 -0.009972	 -0.032566	  0.265150	  0.079640	  0.156492	 -0.079475
 -0.002427	 -0.019934	 -0.009656	  0.065743	  0.095707	 -0.020547	  0.041421	  0.037205	 -0.007055	  0.007060	 -0.070939	 -0.030627	 -0.023696	  0.224094	  0.061140	  0.044477	 -0.102284
 -0.019438	 -0.029881	 -0.008769	  0.062226	  0.096246	  0.003434	  0.056469	  0.057954	  0.008753	  0.010798	 -0.053199	 -0.030944	 -0.044857	  0.194950	  0.059112	  0.076916	 -0.017132
 -0.037241	 -0.048318	 -0.010764	  0.049048	  0.073437	  0.008186	  0.041992	  0.094163	  0.002195	  0.023152	 -0.028395	 -0.028663	 -0.051573	  0.142744	  0.002851	  0.050559	 -0.007501
 -0.033028	 -0.039004	  0.008306	  0.046482	  0.088485	 -0.001286	  0.002425	  0.064670	 -0.013612	  0.008739	 -0.023453	 -0.058757	 -0.024076	  0.166566	 -0.043273	 -0.005702	  0.001115
 -0.014306	 -0.043154	  0.003428	  0.040495	  0.075782	 -0.004581	 -0.004544	  0.074142	 -0.017731	  0.009689	 -0.030866	  0.000418	 -0.021668	  0.206354	 -0.045047	 -0.035100	 -0.062242
 -0.008224	 -0.037452	  0.003744	  0.040241	  0.079013	 -0.000114	 -0.006540	  0.071735	  0.010875	  0.020650	 -0.017498	  0.019805	  0.028891	  0.204834	 -0.022745	  0.108848	 -0.106846
  0.000868	 -0.057821	 -0.023753	  0.050252	  0.060544	 -0.004517	  0.000017	  0.062960	  0.051899	  0.008137	 -0.045945	  0.009858	  0.069439	  0.186840	  0.028447	  0.214781	 -0.106339
  0.003561	 -0.071538	 -0.021377	  0.046229	  0.096499	  0.010815	 -0.002707	  0.054723	  0.022311	 -0.000987	 -0.049208	 -0.026192	  0.075649	  0.170621	  0.057845	  0.126081	  0.042677
  0.035081	 -0.087536	  0.008179	  0.054275	  0.098273	  0.011734	  0.021084	  0.062326	 -0.003760	  0.001357	 -0.056843	 -0.022390	  0.032692	  0.251718	  0.042386	  0.255836	  0.023417
  0.064289	 -0.090387	  0.017430	  0.066915	  0.095644	 -0.003820	  0.044399	  0.034892	 -0.005693	  0.002435	 -0.061563	 -0.033668	  0.023822	  0.180251	 -0.007286	  0.380017	  0.073596
  0.057573	 -0.090514	  0.036437	  0.067833	  0.081484	  0.002389	  0.033533	  0.028968	 -0.007498	  0.001231	 -0.053231	 -0.019349	  0.047391	  0.106503	 -0.014129	  0.402318	 -0.038927
  0.040720	 -0.097515	  0.011347	  0.082722	  0.065613	  0.004606	  0.032456	  0.041893	 -0.000402	 -0.004883	 -0.048479	  0.000545	  0.052206	  0.098647	 -0.028574	  0.418538	 -0.100763
  0.045820	 -0.090704	 -0.014344	  0.075373	  0.091177	 -0.010916	  0.025550	  0.046709	  0.025891	  0.003607	 -0.056621	 -0.021060	 -0.009377	  0.086989	 -0.052903	  0.379510	 -0.139284
  0.048734	 -0.065076	  0.000862	  0.076133	  0.115728	 -0.008034	  0.027641	  0.057828	  0.026366	  0.003385	 -0.059915	 -0.011366	 -0.066018	  0.189121	 -0.051383	  0.254823	 -0.077448
  0.054785	 -0.061179	 -0.002053	  0.050442	  0.133437	 -0.002395	  0.013829	  0.051112	  0.006535	  0.023374	 -0.055829	 -0.005094	 -0.057275	  0.189882	 -0.017677	  0.265974	 -0.084037
  0.038977	 -0.054083	  0.030545	  0.067041	  0.133848	  0.012272	 -0.006002	  0.044016	  0.010020	  0.025211	 -0.047054	  0.018158	 -0.094022	  0.236512	  0.123737	  0.121519	 -0.117490
  0.040213	 -0.066089	  0.033997	  0.066249	  0.129382	  0.011639	 -0.030046	  0.042495	  0.014423	  0.016817	 -0.028934	  0.033364	 -0.098837	  0.192162	  0.111065	  0.049038	 -0.134216
  0.025641	 -0.047367	  0.020344	  0.047527	  0.101663	  0.001438	 -0.009486	  0.013985	  0.023008	  0.025813	 -0.040813	  0.059530	 -0.155479	  0.236766	  0.079133	  0.051066	 -0.043995
  0.016929	 -0.069447	  0.002826	  0.043758	  0.111072	  0.001502	 -0.004069	  0.011228	  0.016229	 -0.002697	 -0.041922	  0.091336	 -0.165616	  0.201286	  0.097633	  0.074381	 -0.031324
  0.037900	 -0.077430	  0.010397	  0.022406	  0.115316	  0.003941	 -0.026529	  0.019402	  0.048319	  0.017292	 -0.048638	  0.059721	 -0.149650	  0.125257	  0.172395	  0.105807	 -0.000912
  0.044268	 -0.075276	 -0.004207	  0.028584	  0.125422	 -0.023715	 -0.032263	  0.032897	  0.046355	  0.027999	 -0.039514	 -0.015421	 -0.127728	  0.202046	  0.029968	  0.109861	 -0.019666
  0.038597	 -0.071538	 -0.003510	  0.009228	  0.072392	 -0.020642	 -0.036666	  0.037839	  0.040495	  0.023818	 -0.024245	  0.003966	 -0.147115	  0.167073	  0.031235	  0.108848	 -0.075927
  0.080318	 -0.077177	 -0.013140	 -0.027899	  0.081452	 -0.009364	 -0.010025	  0.025674	  0.028869	  0.034937	 -0.016737	  0.000291	 -0.090347	  0.118161	  0.068489	  0.206164	 -0.051598
  0.064954	 -0.049141	  0.000196	 -0.006516	  0.109107	 -0.004549	 -0.016139	  0.008853	  0.012301	  0.019826	 -0.011004	  0.027662	 -0.035227	  0.105997	  0.016536	  0.242658	  0.052308
  0.055450	 -0.054432	  0.006247	 -0.062746	  0.102803	  0.019210	 -0.020130	  0.006318	 -0.010666	  0.056510	 -0.032703	  0.078221	 -0.033833	  0.119682	  0.069503	  0.209205	  0.058897
  0.042209	 -0.035203	  0.022371	 -0.067783	  0.091462	 -0.011994	 -0.008567	  0.001345	 -0.018998	  0.032117	 -0.041985	  0.043058	 -0.094782	  0.034530	  0.068489	  0.233535	  0.055349
  0.056401	 -0.022563	  0.023892	 -0.046083	  0.111040	 -0.026851	 -0.010753	  0.030616	 -0.013549	  0.039594	 -0.053199	  0.001622	 -0.036494	  0.117147	 -0.034910	  0.373427	 -0.013584
  0.044236	 -0.019173	  0.035455	 -0.031036	  0.094884	 -0.015035	 -0.006065	  0.040595	  0.008468	  0.030502	 -0.057603	  0.018728	 -0.021161	  0.121709	 -0.102068	  0.431716	 -0.104818
  0.018165	 -0.011571	  0.034631	 -0.030655	  0.106383	 -0.012374	  0.028877	  0.006223	  0.046324	  0.018337	 -0.055829	  0.010745	  0.047264	  0.070010	 -0.042006	  0.469730	 -0.188957
  0.043444	 -0.004158	  0.016131	 -0.043105	  0.118104	 -0.000558	  0.043417	 -0.023111	  0.059153	 -0.004535	 -0.041573	 -0.002370	  0.098837	  0.158203	 -0.005259	  0.442867	 -0.240656
  0.068660	  0.003730	  0.023734	 -0.048142	  0.137048	  0.017404	  0.038792	 -0.012119	  0.082215	 -0.001050	 -0.021521	  0.010809	  0.063484	  0.067222	 -0.049862	  0.340482	 -0.205683
  0.068248	 -0.009860	  0.020439	 -0.039304	  0.129382	  0.016802	  0.016965	 -0.018771	  0.100716	  0.030945	 -0.026906	 -0.002876	  0.090347	  0.079133	 -0.029334	  0.310070	 -0.074914
  0.052441	 -0.019934	 -0.003985	 -0.004109	  0.116837	 -0.005880	  0.001094	 -0.024695	  0.086460	  0.037978	 -0.072650	  0.032477	  0.071467	  0.123230	 -0.004245	  0.254316	 -0.063763
  0.027415	 -0.028835	 -0.012728	  0.003431	  0.125897	  0.004004	  0.012752	 -0.006638	  0.067105	  0.041019	 -0.093019	  0.028105	  0.037001	  0.153134	  0.062153	  0.374948	 -0.064270
  0.026686	 -0.060387	  0.023797	  0.021393	  0.112465	 -0.001508	  0.009996	 -0.009331	  0.021424	  0.034240	 -0.113262	  0.034251	  0.028384	  0.117908	  0.072797	  0.405866	  0.011252
  0.028112	 -0.062415	  0.020217	  0.006377	  0.117851	 -0.003187	  0.014273	  0.002517	  0.050030	  0.023311	 -0.112914	  0.024494	  0.075395	  0.122216	  0.061140	  0.312604	 -0.027776
  0.040656	 -0.077462	  0.044673	  0.003082	  0.102867	  0.006950	  0.013798	  0.018483	  0.060706	  0.031294	 -0.121340	  0.086204	  0.032946	  0.143757	  0.113093	  0.281179	  0.029499
  0.053138	 -0.073281	  0.028390	  0.014011	  0.105274	  0.001502	 -0.019528	  0.014396	  0.043884	  0.042571	 -0.111615	  0.082909	  0.042829	  0.067475	  0.129312	  0.340988	  0.097925
  0.018640	 -0.060546	  0.025032	  0.019080	  0.095739	 -0.021085	 -0.017818	  0.028398	  0.026588	  0.051853	 -0.135469	  0.073406	 -0.066272	  0.052777	  0.077866	  0.367852	  0.126816
  0.007964	 -0.054400	  0.026141	  0.015754	  0.107270	 -0.015035	 -0.012337	  0.007300	  0.017148	  0.080491	 -0.131287	  0.061748	 -0.117211	  0.102702	  0.102702	  0.401811	  0.115158
  0.017689	 -0.044833	  0.010302	  0.004666	  0.103690	 -0.013609	  0.007525	  0.013731	  0.025479	  0.089709	 -0.134550	  0.061431	 -0.106187	  0.088510	  0.102955	  0.289289	  0.167364
 -0.000146	 -0.053735	  0.028707	  0.037042	  0.067070	 -0.035562	  0.008602	 -0.002045	  0.020284	  0.055433	 -0.126535	  0.007134	 -0.139893	  0.132607	  0.000570	  0.384578	  0.160268
 -0.000463	 -0.059912	  0.005772	  0.043821	  0.070143	 -0.028118	 -0.024850	 -0.038253	  0.015785	  0.061864	 -0.122734	  0.010239	 -0.105807	  0.138942	  0.009440	  0.479867	  0.049267
  0.014585	 -0.031465	  0.018095	  0.061276	  0.047493	 -0.022004	 -0.018039	 -0.043037	  0.029407	  0.063384	 -0.127232	  0.047873	 -0.102005	  0.073304	  0.020338	  0.374948	  0.046732
  0.033148	 -0.026365	  0.001369	  0.060294	  0.055349	 -0.011772	  0.000207	 -0.018676	  0.052533	  0.053786	 -0.137338	  0.049837	 -0.080210	  0.032249	 -0.019197	  0.305002	  0.012266
  0.030646	 -0.030926	 -0.004777	  0.042902	  0.029562	  0.011670	 -0.002612	 -0.015635	  0.033779	  0.053881	 -0.133061	  0.044705	 -0.033959	  0.004625	 -0.070390	  0.288782	  0.021389
  0.040308	 -0.013471	 -0.002433	  0.036757	  0.060354	  0.003782	 -0.010278	 -0.000999	  0.025511	  0.054736	 -0.137845	  0.005804	 -0.023569	  0.078626	 -0.080780	  0.362277	 -0.015611
  0.073729	 -0.001022	  0.009256	  0.037897	  0.036627	  0.006729	  0.003344	  0.037015	  0.024750	  0.039372	 -0.143103	  0.023860	 -0.004942	  0.145785	 -0.047835	  0.281179	  0.039129
  0.098375	  0.010731	  0.028485	  0.038151	  0.058200	  0.004606	 -0.015188	  0.038092	  0.022248	  0.051283	 -0.149439	  0.019552	 -0.003421	  0.103969	  0.026673	  0.352139	  0.018348
  0.077657	  0.015990	  0.021263	  0.047369	  0.044230	 -0.008509	 -0.028715	  0.032992	  0.036662	  0.051695	 -0.133410	  0.001685	 -0.003421	  0.034530	  0.066969	  0.407894	 -0.138271
  0.062356	 -0.000641	 -0.000152	  0.044328	  0.055095	  0.002198	 -0.044681	  0.038599	  0.066946	  0.051125	 -0.128690	  0.028992	  0.039028	  0.048975	  0.006399	  0.321728	 -0.099243
  0.062166	  0.002241	  0.002826	  0.059819	  0.075877	 -0.002680	 -0.017152	  0.049781	  0.082532	  0.043870	 -0.116081	  0.033110	  0.025723	  0.006906	 -0.011848	  0.299933	 -0.060722
  0.093591	 -0.021739	  0.014040	  0.031720	  0.080882	 -0.004454	 -0.011133	  0.034386	  0.054370	  0.046214	 -0.095110	  0.056996	  0.068806	 -0.094719	  0.117908	  0.224918	 -0.003447
  0.080730	 -0.026460	 -0.013964	  0.049745	  0.064251	  0.023391	 -0.002073	  0.006984	  0.060737	  0.048337	 -0.092228	  0.067894	  0.097317	 -0.058986	  0.024899	  0.189945	  0.050787
  0.089441	 -0.024210	 -0.007787	  0.051075	  0.036405	  0.027890	  0.002045	 -0.003914	  0.065236	  0.044092	 -0.099102	  0.092096	  0.061456	  0.014255	  0.046441	  0.051066	 -0.060722
  0.087731	 -0.025446	  0.000893	  0.041604	  0.048285	  0.017468	  0.009331	  0.001788	  0.033177	  0.048559	 -0.105596	  0.087471	  0.054487	  0.044413	  0.076599	  0.099724	  0.001115
  0.102905	 -0.038086	  0.001527	  0.042776	  0.042963	  0.017974	  0.002647	  0.010595	 -0.014183	  0.009340	 -0.086684	  0.100016	  0.130389	  0.111319	  0.160230	  0.128108	  0.039129
  0.105692	 -0.023418	 -0.005442	  0.052279	  0.055000	  0.043729	  0.014273	  0.025927	 -0.004742	  0.027714	 -0.076768	  0.073913	  0.126968	  0.153895	  0.178731	  0.058669	  0.142022
  0.082947	 -0.025129	 -0.011461	  0.064792	  0.045433	  0.045630	  0.001094	  0.003182	 -0.014911	  0.034905	 -0.090010	  0.087788	  0.137485	  0.131846	  0.116641	  0.171191	  0.091336
  0.057985	 -0.041253	 -0.030595	  0.060547	  0.046225	  0.054183	  0.019753	 -0.010440	  0.003969	  0.030819	 -0.105311	  0.064092	  0.085152	  0.053537	 -0.000950	  0.206671	  0.071061
  0.037362	 -0.052088	 -0.009022	  0.082215	  0.044388	  0.034637	  0.016427	 -0.017536	  0.018130	  0.017704	 -0.118046	  0.075877	  0.089967	  0.019577	 -0.014636	  0.199068	  0.095391
  0.022156	 -0.043249	 -0.013299	  0.048795	  0.048950	  0.030487	  0.005941	 -0.011707	  0.011287	  0.008960	 -0.101446	  0.073279	  0.119238	 -0.011341	 -0.064308	  0.284727	  0.106541
  0.024025	 -0.013756	 -0.025843	  0.040717	  0.061463	  0.045852	 -0.011387	 -0.031696	  0.026651	  0.017545	 -0.094065	  0.102043	  0.071340	  0.000570	 -0.003231	  0.312604	  0.115158
  0.006222	 -0.013788	 -0.021092	  0.057791	  0.066151	  0.048703	 -0.034987	 -0.044463	  0.042142	  0.018496	 -0.062323	  0.117502	 -0.022428	  0.000824	 -0.036684	  0.254823	  0.056869
  0.008503	 -0.022246	 -0.004207	  0.055922	  0.058612	  0.025197	 -0.024945	 -0.039679	  0.026588	  0.012382	 -0.074963	  0.068084	 -0.024963	  0.023379	 -0.034150	  0.198055	  0.076130
 -0.004961	 -0.040081	 -0.000057	  0.037580	  0.063142	  0.015852	 -0.035969	 -0.041928	 -0.004901	  0.011305	 -0.078701	  0.073786	 -0.048151	  0.003865	 -0.091931	  0.268508	  0.068527
 -0.020040	 -0.031021	  0.007958	  0.035585	  0.051516	  0.004004	 -0.025452	 -0.041928	  0.027158	  0.023247	 -0.062861	  0.092223	 -0.027877	  0.030475	 -0.087623	  0.236069	  0.024431
 -0.007432	 -0.038402	 -0.012348	  0.012174	  0.052656	 -0.004486	 -0.020162	 -0.032171	  0.028615	  0.026288	 -0.055892	  0.110216	 -0.017740	 -0.024519	 -0.071657	  0.083505	  0.102487
  0.017119	 -0.019617	 -0.008230	  0.001910	  0.050154	 -0.019881	 -0.001788	 -0.018201	  0.042839	  0.053025	 -0.073727	  0.143732	 -0.006462	 -0.082048	 -0.024012	  0.066778	  0.017335
  0.032008	 -0.011507	 -0.010764	 -0.001258	  0.003396	 -0.014750	 -0.021334	 -0.005846	  0.032860	  0.071557	 -0.083579	  0.131504	 -0.010264	  0.000063	 -0.096493	  0.093642	  0.003143
  0.037203	 -0.011286	 -0.000532	  0.025416	 -0.000342	  0.008724	  0.000271	  0.006857	  0.022850	  0.073204	 -0.071320	  0.117819	 -0.000634	  0.045174	 -0.085089	  0.048025	  0.036595
  0.022378	 -0.017875	 -0.005949	  0.052881	  0.033142	  0.029030	  0.017441	 -0.028908	  0.004540	  0.065602	 -0.070686	  0.116362	 -0.045237	  0.005385	 -0.111192	  0.116957	 -0.019159
  0.017468	 -0.036755	  0.002382	  0.043853	  0.039351	  0.017468	  0.006512	 -0.027103	 -0.010951	  0.062212	 -0.070021	  0.116805	 -0.054994	  0.022365	 -0.074445	  0.008997	 -0.087078
 -0.005594	 -0.033936	 -0.038451	  0.036060	  0.048855	  0.017626	 -0.015030	  0.009169	  0.003494	  0.043522	 -0.077148	  0.087598	 -0.056008	  0.097633	 -0.068616	  0.010517	 -0.115462
 -0.013356	 -0.029026	 -0.006393	  0.049460	  0.029056	  0.011037	 -0.007617	  0.008599	  0.017148	  0.028823	 -0.093685	  0.071315	 -0.030285	  0.080654	 -0.090411	  0.005449	 -0.173751
  0.002864	 -0.010082	 -0.001514	  0.061624	 -0.006488	  0.002452	 -0.040816	  0.011228	  0.001435	  0.026922	 -0.103347	  0.086331	 -0.016600	  0.068489	 -0.166693	 -0.026990	 -0.126613
 -0.001540	  0.008292	 -0.024259	  0.058868	  0.021484	  0.013191	 -0.027891	 -0.008982	 -0.024731	  0.039150	 -0.105089	  0.095707	  0.003928	  0.096873	 -0.180125	 -0.014826	 -0.111407
 -0.016650	  0.015895	 -0.036677	  0.039386	  0.016036	  0.020382	 -0.009803	 -0.023586	 -0.021595	  0.050206	 -0.109524	  0.105338	  0.013305	  0.134127	 -0.091931	  0.159027	 -0.166148
 -0.018678	  0.005124	 -0.029106	  0.035711	  0.012298	  0.038407	  0.013766	 -0.009616	 -0.007847	  0.050839	 -0.110063	  0.073786	 -0.061076	  0.100675	 -0.066588	  0.088067	 -0.012570
 -0.004454	  0.011935	 -0.028758	  0.008214	 -0.001356	  0.014426	  0.035212	  0.012179	  0.006852	  0.043965	 -0.128088	  0.044451	 -0.040168	  0.066208	 -0.118034	  0.024202	  0.052815
 -0.012659	 -0.003207	 -0.018019	  0.009798	  0.012266	  0.010752	  0.055360	  0.011133	  0.022311	  0.041431	 -0.129418	  0.021770	 -0.048405	  0.062914	 -0.141603	  0.090094	  0.066500
  0.010340	 -0.011000	 -0.030152	  0.000453	  0.032065	  0.031470	  0.057292	  0.008061	  0.002322	  0.040322	 -0.148742	  0.035391	 -0.016219	 -0.013622	 -0.043780	  0.137232	  0.139487
 -0.004137	 -0.019047	 -0.026699	  0.024846	  0.020154	  0.030836	  0.064800	  0.008694	 -0.031859	  0.031642	 -0.165025	  0.048253	 -0.002281	 -0.081287	 -0.087116	  0.116451	  0.125802
  0.024310	 -0.002542	 -0.039338	  0.050157	  0.032730	  0.030424	  0.045508	  0.007427	 -0.014689	  0.048780	 -0.150706	  0.081642	  0.022048	 -0.058986	 -0.082554	  0.243165	  0.100966
  0.024754	  0.023688	 -0.043837	  0.079554	  0.013913	  0.032420	  0.021432	 -0.007715	 -0.021944	  0.069340	 -0.126187	  0.076130	  0.049292	 -0.068109	 -0.120315	  0.266987	  0.136446
  0.007489	  0.028376	 -0.016657	  0.025226	  0.004093	  0.016105	  0.010915	 -0.011263	 -0.032429	  0.080522	 -0.115986	  0.056236	  0.066272	 -0.091678	 -0.039472	  0.244686	  0.060417
  0.015250	  0.036011	 -0.026889	  0.008689	  0.013850	  0.016169	  0.014970	 -0.006448	 -0.025302	  0.090849	 -0.094857	  0.046099	  0.152057	 -0.049862	  0.003358	  0.252288	  0.011252
  0.008661	  0.005979	 -0.010131	 -0.005059	  0.029911	  0.025229	 -0.000458	 -0.009648	 -0.018522	  0.076309	 -0.085765	  0.027598	  0.186017	 -0.085596	 -0.001964	  0.141287	  0.098432
 -0.005024	  0.004237	 -0.000247	  0.013885	 -0.002528	  0.033465	  0.011295	 -0.052921	  0.002227	  0.067597	 -0.087127	 -0.007248	  0.127095	 -0.014889	 -0.053917	  0.138752	  0.004663
 -0.031286	  0.016021	 -0.001292	  0.014265	  0.001527	  0.009738	  0.018011	 -0.048422	  0.030358	  0.055813	 -0.099007	 -0.036899	  0.093389	 -0.112712	  0.004879	  0.129629	 -0.079982
 -0.015415	 -0.001275	  0.002002	  0.028774	  0.028771	 -0.004866	  0.023555	 -0.053713	  0.024465	  0.051695	 -0.092639	 -0.019856	  0.050686	 -0.082301	  0.008427	  0.082998	 -0.094174
 -0.010505	 -0.016608	 -0.003320	  0.042649	  0.062698	  0.021332	  0.038032	 -0.064610	  0.034603	  0.075264	 -0.062640	 -0.003320	  0.063484	 -0.027560	  0.052523	  0.164095	 -0.060722
 -0.001286	  0.008830	 -0.021028	  0.059534	  0.034061	  0.010625	  0.050038	 -0.056627	  0.004381	  0.057967	 -0.056082	 -0.015041	  0.071340	 -0.029841	  0.073304	  0.263946	  0.003143
 -0.009839	 -0.013471	 -0.011176	  0.078161	 -0.001768	 -0.012089	  0.035878	 -0.027008	 -0.010635	  0.017165	 -0.092101	  0.001242	  0.050432	  0.076852	  0.027434	  0.235562	 -0.049064
  0.010847	 -0.028043	 -0.001166	  0.087601	 -0.034523	  0.016992	  0.028782	 -0.011897	 -0.013042	 -0.001779	 -0.093019	  0.016384	  0.079577	  0.082174	 -0.033136	  0.198561	 -0.000405
  0.044078	 -0.056649	 -0.006678	  0.079459	 -0.037564	  0.051269	  0.029542	 -0.010060	 -0.003665	  0.052930	 -0.102016	  0.006057	  0.092375	  0.110305	 -0.103336	  0.082998	  0.092856
  0.058618	 -0.047336	  0.011791	  0.061814	 -0.006741	  0.046168	  0.026564	  0.014143	  0.000738	  0.034430	 -0.105089	 -0.012887	  0.074128	  0.090791	 -0.095479	  0.162575	 -0.041461
  0.057731	 -0.046734	  0.016733	  0.050695	  0.006659	  0.032008	  0.031886	 -0.006955	  0.003336	  0.046024	 -0.143452	 -0.018146	  0.086419	  0.056578	 -0.123356	  0.205657	 -0.064270
  0.052916	 -0.049522	  0.013628	  0.066218	  0.014167	  0.046327	  0.024505	  0.004513	 -0.031986	  0.054609	 -0.115796	 -0.002813	  0.027117	  0.031742	 -0.140590	  0.163588	 -0.001926
  0.027922	 -0.051422	  0.027820	  0.088424	  0.001559	  0.050508	  0.028085	 -0.012055	 -0.026949	  0.064144	 -0.091499	 -0.010923	  0.000634	  0.008427	 -0.128172	  0.023189	  0.070048
  0.020794	 -0.049870	  0.030069	  0.093176	 -0.003605	  0.046960	  0.018328	 -0.021147	 -0.026537	  0.056447	 -0.086810	 -0.022771	 -0.009757	  0.026927	 -0.100801	 -0.030031	  0.037609
  0.005366	 -0.058011	  0.015370	  0.085542	  0.032730	  0.038661	  0.029130	 -0.036321	 -0.021183	  0.057524	 -0.087761	 -0.028219	 -0.021161	  0.092058	 -0.030348	  0.076409	 -0.012570
 -0.024697	 -0.060356	  0.027408	  0.093271	  0.026395	  0.015092	  0.030049	 -0.019658	 -0.028565	  0.053025	 -0.078067	 -0.017955	 -0.016346	  0.088763	  0.027434	  0.163081	 -0.138271
 -0.015351	 -0.081929	  0.034948	  0.084560	  0.030038	  0.019622	  0.021749	  0.012527	 -0.012377	  0.092592	 -0.086018	 -0.041841	 -0.048405	  0.106757	 -0.004498	  0.181328	 -0.116983
 -0.023746	 -0.064347	  0.045053	  0.078256	  0.026997	  0.016169	  0.025265	 -0.003977	 -0.008480	  0.094809	 -0.081267	 -0.027206	 -0.069693	  0.191909	 -0.012862	  0.310070	 -0.060722
 -0.014686	 -0.078254	  0.042741	  0.080980	  0.031432	  0.005525	  0.014083	 -0.015762	 -0.010856	  0.086605	 -0.075691	 -0.014724	 -0.085025	  0.206861	  0.018817	  0.306522	  0.039636
  0.005050	 -0.082816	  0.027852	  0.070083	  0.019584	  0.023803	  0.013703	  0.007997	 -0.049631	  0.075644	 -0.061056	  0.004346	 -0.064751	  0.171888	  0.101181	  0.328824	  0.103500
 -0.004486	 -0.075625	  0.033712	  0.065267	  0.014610	  0.040086	  0.010376	 -0.009363	 -0.041458	  0.055623	 -0.048764	  0.000038	 -0.082871	  0.150347	  0.067222	  0.143314	  0.093363
 -0.014655	 -0.061401	  0.039446	  0.085415	  0.042487	  0.054120	  0.012942	 -0.023460	 -0.039969	  0.041969	 -0.053738	  0.001559	 -0.063737	  0.210156	  0.030221	  0.112396	 -0.002433
  0.004796	 -0.062098	 -0.007153	  0.074328	  0.071156	  0.039674	  0.015001	 -0.030302	 -0.028976	  0.049921	 -0.037582	 -0.015928	 -0.019261	  0.208889	  0.086736	  0.045490	  0.043691
  0.000488	 -0.064094	  0.005708	  0.063779	  0.033681	  0.045662	  0.014590	 -0.042372	 -0.039240	  0.036141	 -0.018860	 -0.045706	 -0.035733	  0.147052	  0.133367	 -0.007730	 -0.059201
 -0.010315	 -0.051264	  0.010334	  0.093556	  0.039636	  0.029505	  0.014716	 -0.022161	  0.004254	  0.043585	 -0.021901	 -0.021060	 -0.025089	  0.103716	  0.166313	 -0.058415	 -0.004460
  0.000615	 -0.063175	 -0.002370	  0.114306	  0.065486	  0.019368	  0.024220	 -0.014590	  0.024275	  0.017609	 -0.051425	 -0.011810	 -0.024456	  0.050242	  0.157696	 -0.001647	  0.024937
 -0.012659	 -0.116015	 -0.027332	  0.114718	  0.087914	  0.006190	  0.001063	 -0.004516	  0.048509	  0.029140	 -0.065998	 -0.020553	 -0.022682	 -0.000190	  0.118415	  0.098204	  0.076637
 -0.013768	 -0.092098	 -0.029328	  0.085859	  0.102170	 -0.012120	 -0.033023	  0.009106	  0.032512	  0.037883	 -0.058521	  0.022910	 -0.051953	 -0.045300	  0.089777	  0.100738	  0.088295
 -0.004961	 -0.077557	 -0.044344	  0.074137	  0.082212	 -0.000146	  0.008222	  0.029190	  0.001752	  0.035665	 -0.066124	  0.014800	 -0.040802	  0.067982	  0.023632	  0.063230	  0.129350
  0.001058	 -0.065393	 -0.041049	  0.064444	  0.075623	  0.036095	  0.027483	  0.012464	  0.023198	  0.032783	 -0.059060	 -0.000532	 -0.013685	  0.116894	  0.114360	  0.161054	  0.068020
 -0.003662	 -0.097325	 -0.006044	  0.074169	  0.080818	  0.040530	  0.036543	  0.031249	  0.017781	  0.059361	 -0.039863	 -0.022961	 -0.025216	  0.104476	  0.118415	  0.136218	  0.046225
 -0.004327	 -0.090735	 -0.025083	  0.098372	  0.069287	  0.045915	  0.066352	  0.013889	 -0.004394	  0.054292	 -0.052091	 -0.013140	 -0.018627	  0.142997	  0.096873	  0.083505	  0.110089
 -0.008984	 -0.099510	 -0.015136	  0.081519	  0.071061	  0.050825	  0.059320	  0.007807	  0.000390	  0.072888	 -0.047371	 -0.010669	 -0.002154	  0.142997	  0.083948	  0.045490	  0.127323
 -0.033852	 -0.090545	 -0.008737	  0.072047	  0.087693	  0.051934	  0.039679	  0.008282	  0.009481	  0.069593	 -0.064952	 -0.016498	  0.015206	  0.088763	  0.068743	  0.001901	  0.098939
